0.2 0
0.4 0
0.6 0
0.8 0
1.0 0
1.2 0
1.4 0
1.5999999999999999 0
1.7999999999999998 0
1.9999999999999998 0
2.1999999999999997 0
2.4 0
2.6 0
2.8 0
3.0 0
3.1999999999999997 0
3.4 0
3.6 0
3.8 0
4.0 0
4.199999999999999 0
4.3999999999999995 0
4.6 0
4.8 0
5.0 0
5.2 0
5.3999999999999995 0
5.6 0
5.8 0
6.0 0
6.199999999999999 0
6.3999999999999995 0
6.6 0
6.8 0
7.0 0
7.199999999999999 0
7.3999999999999995 0
7.6 0
7.8 0
7.999999999999999 0
8.2 0
8.399999999999999 0
8.599999999999998 0
8.799999999999999 0
8.999999999999998 0
9.2 0
9.399999999999999 0
9.599999999999998 0
9.799999999999999 0
9.999999999999998 0
10.2 0
10.399999999999999 0
10.599999999999998 0
10.799999999999999 0
10.999999999999998 0
11.199999999999998 0
11.399999999999999 0
11.599999999999998 0
11.799999999999999 0
11.999999999999998 0
12.199999999999998 0
12.399999999999999 0
12.599999999999998 0
12.799999999999999 0
12.999999999999998 0
13.199999999999998 0
13.399999999999999 0
13.599999999999998 0
13.799999999999999 0
13.999999999999998 0
14.199999999999998 0
14.399999999999999 0
14.599999999999998 0
14.799999999999999 0
14.999999999999998 0
15.199999999999998 0
15.399999999999999 0
15.599999999999998 0
15.799999999999997 0
15.999999999999998 0
16.2 0
16.4 0
16.599999999999998 0
16.799999999999997 0
16.999999999999996 0
17.2 0
17.4 0
17.599999999999998 0
17.799999999999997 0
17.999999999999996 0
18.2 0
18.4 0
18.599999999999998 0
18.799999999999997 0
18.999999999999996 0
19.2 0
19.4 0
19.599999999999998 0
19.799999999999997 0
19.999999999999996 0
20.2 0
20.4 0
20.599999999999998 0
20.799999999999997 0
20.999999999999996 0
21.2 0
21.4 0
21.599999999999998 0
21.799999999999997 0
21.999999999999996 0
22.199999999999996 0
22.4 0
22.599999999999998 0
22.799999999999997 0
22.999999999999996 0
23.199999999999996 0
23.4 0
23.599999999999998 0
23.799999999999997 0
23.999999999999996 0
24.199999999999996 0
24.4 0
24.599999999999998 0
24.799999999999997 0
24.999999999999996 0
25.199999999999996 0
25.4 0
25.599999999999998 0
25.799999999999997 0
25.999999999999996 0
26.199999999999996 0
26.4 0
26.599999999999998 0
26.799999999999997 0
26.999999999999996 0
27.199999999999996 0
27.4 0
27.599999999999998 0
27.799999999999997 0
27.999999999999996 0
28.199999999999996 0
28.4 0
28.599999999999998 0
28.799999999999997 0
28.999999999999996 0
29.199999999999996 0
29.4 0
29.599999999999998 0
29.799999999999997 0
29.999999999999996 0
30.199999999999996 0
30.399999999999995 0
30.599999999999998 0
30.799999999999997 0
30.999999999999996 0
31.199999999999996 0
31.399999999999995 0
31.599999999999998 0
31.799999999999997 0
31.999999999999996 0
32.199999999999996 0
32.4 0
32.6 0
32.8 0
33.0 0
33.2 0
33.4 0
33.6 0
33.8 0
34.0 0
34.2 0
34.4 0
34.6 0
34.8 0
35.0 0
35.2 0
35.4 0
35.6 0
35.8 0
36.0 0
36.2 0
36.4 0
36.6 0
36.8 0
37.0 0
37.2 0
37.4 0
37.6 0
37.8 0
38.0 0
38.2 0
38.4 0
38.6 0
38.8 0
39.0 0
39.2 0
39.4 0
39.6 0
39.8 0
40.0 0
40.2 0
40.4 0
40.6 0
40.8 0
41.0 0
41.2 0
41.4 0
41.6 0
41.8 0
42.0 0
42.2 0
42.4 0
42.6 0
42.8 0
43.0 0
43.199999999999996 0
43.4 0
43.6 0
43.8 0
44.0 0
44.199999999999996 0
44.4 0
44.6 0
44.8 0
45.0 0
45.199999999999996 0
45.4 0
45.6 0
45.8 0
46.0 0
46.199999999999996 0
46.4 0
46.6 0
46.8 0
47.0 0
47.199999999999996 0
47.4 0
47.6 0
47.8 0
48.0 0
48.199999999999996 0
48.4 0
48.6 0
48.8 0
49.0 0
49.199999999999996 0
49.4 0
49.6 0
49.8 0
50.0 0
50.199999999999996 0
50.4 0
50.6 0
50.8 0
51.0 0
51.199999999999996 0
51.4 0
51.6 0
51.8 0
52.0 0
52.199999999999996 0
52.4 0
52.6 0
52.8 0
53.0 0
53.199999999999996 0
53.4 0
53.6 0
53.8 0
54.0 0
54.199999999999996 0
54.4 0
54.6 0
54.8 0
55.0 0
55.199999999999996 0
55.4 0
55.6 0
55.8 0
56.0 0
56.199999999999996 0
56.4 0
56.6 0
56.8 0
57.0 0
57.199999999999996 0
57.4 0
57.6 0
57.8 0
58.0 0
58.199999999999996 0
58.4 0
58.6 0
58.8 0
59.0 0
59.199999999999996 0
59.4 0
59.6 0
59.8 0
60.0 0
60.199999999999996 0
60.4 0
60.599999999999994 0
60.8 0
61.0 0
61.199999999999996 0
61.4 0
61.599999999999994 0
61.8 0
62.0 0
62.199999999999996 0
62.4 0
62.599999999999994 0
62.8 0
63.0 0
63.199999999999996 0
63.4 0
63.599999999999994 0
63.8 0
64.0 0
64.19999999999999 0
64.39999999999999 0
64.6 0
64.8 0
65.0 0
65.2 0
65.39999999999999 0
65.6 0
65.8 0
66.0 0
66.2 0
66.39999999999999 0
66.6 0
66.8 0
67.0 0
67.2 0
67.39999999999999 0
67.6 0
67.8 0
68.0 0
68.2 0
68.39999999999999 0
68.6 0
68.8 0
69.0 0
69.2 0
69.39999999999999 0
69.6 0
69.8 0
70.0 0
70.2 0
70.39999999999999 0
70.6 0
70.8 0
71.0 0
71.2 0
71.39999999999999 0
71.6 0
71.8 0
72.0 0
72.2 0
72.39999999999999 0
72.6 0
72.8 0
73.0 0
73.2 0
73.39999999999999 0
73.6 0
73.8 0
74.0 0
74.2 0
74.39999999999999 0
74.6 0
74.8 0
75.0 0
75.2 0
75.39999999999999 0
75.6 0
75.8 0
76.0 0
76.2 0
76.39999999999999 0
76.6 0
76.8 0
77.0 0
77.2 0
77.39999999999999 0
77.6 0
77.8 0
78.0 0
78.2 0
78.39999999999999 0
78.6 0
78.8 0
79.0 0
79.2 0
79.39999999999999 0
79.6 0
79.8 0
80.0 0
80.2 0
80.39999999999999 0
80.6 0
80.8 0
81.0 0
81.2 0
81.39999999999999 0
81.6 0
81.8 0
82.0 0
82.2 0
82.39999999999999 0
82.6 0
82.8 0
83.0 0
83.2 0
83.39999999999999 0
83.6 0
83.8 0
84.0 0
84.2 0
84.39999999999999 0
84.6 0
84.8 0
85.0 0
85.2 0
85.39999999999999 0
85.6 0
85.8 0
86.0 0
86.19999999999999 0
86.39999999999999 0
86.6 0
86.8 0
87.0 0
87.19999999999999 0
87.39999999999999 0
87.6 0
87.8 0
88.0 0
88.19999999999999 0
88.39999999999999 0
88.6 0
88.8 0
89.0 0
89.19999999999999 0
89.39999999999999 0
89.6 0
89.8 0
90.0 0
90.19999999999999 0
90.39999999999999 0
90.6 0
90.8 0
91.0 0
91.19999999999999 0
91.39999999999999 0
91.6 0
91.8 0
92.0 0
92.19999999999999 0
92.39999999999999 0
92.6 0
92.8 0
93.0 0
93.19999999999999 0
93.39999999999999 0
93.6 0
93.8 0
94.0 0
94.19999999999999 0
94.39999999999999 0
94.6 0
94.8 0
95.0 0
95.19999999999999 0
95.39999999999999 0
95.6 0
95.8 0
96.0 0
96.19999999999999 0
96.39999999999999 0
96.6 0
96.8 0
97.0 0
97.19999999999999 0
97.39999999999999 0
97.6 0
97.8 0
98.0 0
98.19999999999999 0
98.39999999999999 0
98.6 0
98.8 0
99.0 0
99.19999999999999 0
99.39999999999999 0
99.6 0
99.8 0
100.0 0
