1 0 3.5134
2 0 3.5951
3 0 3.56673
4 0 3.54897
5 0 3.53741
6 0 3.52029
7 0 3.51754
8 0 3.60066
9 0 3.4934
10 0 3.52397
11 0 3.63303
12 0 3.58685
13 0 3.54021
14 0 3.4905
15 0 3.54239
16 0 3.57818
17 0 3.53158
18 0 3.59478
19 0 3.53084
20 0 3.58251
21 0 3.60389
22 0 3.56162
23 0 3.54885
24 0 3.66341
25 0 3.60321
26 0 3.58109
27 0 3.5801
28 0 3.51141
29 0 3.53337
30 0 3.54137
31 0 3.63186
32 0 3.549
33 0 3.6123
34 0 3.50848
35 0 3.4992
36 0 3.50125
37 0 3.63766
38 0 3.59071
39 0 3.41669
40 0 1.52679
41 0 3.59719
42 0 3.56213
43 0 3.53146
44 0 3.52768
45 0 3.5575
46 0 3.52503
47 0 3.56919
48 0 3.41989
49 0 3.56411
50 0 3.50509
51 0 3.5272
52 0 3.49363
53 0 3.59424
54 0 3.66244
55 0 3.5243
56 0 3.51812
57 0 3.52276
58 0 3.522
59 0 3.53877
60 0 3.48621
61 0 3.45901
62 0 3.54775
63 0 3.54368
64 0 3.48891
65 0 3.49305
66 0 3.52207
67 0 3.53521
68 0 3.53586
69 0 3.51287
70 0 3.59566
71 0 3.56578
72 0 3.54682
73 0 3.50121
74 0 3.46313
75 0 3.58728
76 0 3.52705
77 0 3.49314
78 0 3.52229
79 0 3.62673
80 0 3.5231
81 0 3.58741
82 0 3.52355
83 0 3.55315
84 0 3.51507
85 0 3.50041
86 0 3.52239
87 0 3.56438
88 0 3.5737
89 0 3.54892
90 0 3.52433
91 0 3.56719
92 0 3.58105
93 0 3.59033
94 0 3.52291
95 0 3.55033
96 0 3.60166
97 0 3.53437
98 0 3.56505
99 0 3.47591
100 0 3.58481