1 0 0.0425894
2 0 0.025815
3 0 -0.00566554
4 0 -0.0133544
5 0 -0.00313112
6 0 -0.00844597
7 0 0.0268547
8 0 -0.0468185
9 0 -0.00745544
10 0 0.00514319
11 0 -0.006182
12 0 -0.0113807
13 0 0.00883356
14 0 -0.0314788
15 0 -0.000612227
16 0 -0.0167204
17 0 0.0119523
18 0 0.0314307
19 0 -0.0115134
20 0 -0.0127306
21 0 0.0359975
22 0 -0.0265164
23 0 -0.0158841
24 0 0.00252402
25 0 0.0282218
26 0 0.0335423
27 0 0.00577345
28 0 0.0146993
29 0 -0.0282289
30 0 0.000110942
31 0 -0.0267624
32 0 0.0156155
33 0 -0.00276472
34 0 0.0131209
35 0 0.0131728
36 0 0.0326798
37 0 0.01588
38 0 0.00121983
39 0 0.0233513
40 0 0.47805
41 0 0.00692052
42 0 0.0166224
43 0 -0.000521576
44 0 0.0157726
45 0 0.0239246
46 0 -0.00208448
47 0 0.0364244
48 0 0.0154473
49 0 -0.00116434
50 0 -0.0651454
51 0 -0.00220446
52 0 0.0138654
53 0 -0.0186912
54 0 0.00461017
55 0 -0.0470962
56 0 0.0180417
57 0 -0.023728
58 0 0.00196491
59 0 -0.0218002
60 0 0.0216686
61 0 0.0175723
62 0 -0.000194026
63 0 0.020108
64 0 0.013648
65 0 0.0172908
66 0 -0.0155313
67 0 0.00563936
68 0 0.0205716
69 0 0.0223453
70 0 -0.00909511
71 0 0.00784893
72 0 0.01757
73 0 -0.0176774
74 0 -0.028792
75 0 0.00724957
76 0 0.00998174
77 0 -0.00589414
78 0 0.0137803
79 0 -0.00271424
80 0 0.00873746
81 0 0.000550988
82 0 -0.0251647
83 0 -0.0529467
84 0 -0.00573839
85 0 0.00558922
86 0 -0.00491176
87 0 -0.0225528
88 0 0.00224893
89 0 0.00834529
90 0 0.0419777
91 0 0.0178355
92 0 0.025262
93 0 -0.0284284
94 0 0.00747071
95 0 -0.000661058
96 0 0.0182544
97 0 -0.0228231
98 0 -0.025089
99 0 0.0247214
100 0 0.0131996