1 0 -0.0168942
2 0 0.0046309
3 0 -0.0323576
4 0 -0.0177138
5 0 -0.0355671
6 0 -0.00764402
7 0 -0.00884741
8 0 -0.0224417
9 0 0.0113295
10 0 0.0308481
11 0 -0.0136466
12 0 -0.00369645
13 0 -0.0400926
14 0 0.0162196
15 0 -0.0137804
16 0 -0.00311137
17 0 0.020589
18 0 -0.0271842
19 0 0.0121081
20 0 0.0106557
21 0 -0.00727634
22 0 -0.0182536
23 0 -0.0010743
24 0 -0.0468804
25 0 0.0213572
26 0 0.0134264
27 0 0.0319972
28 0 0.025783
29 0 0.0259835
30 0 -0.00270198
31 0 0.0128894
32 0 0.0162923
33 0 0.00569199
34 0 -0.0302713
35 0 -0.010079
36 0 0.0161775
37 0 0.0170594
38 0 0.00239945
39 0 0.0364856
40 0 0.254806
41 0 -0.0169722
42 0 0.00355856
43 0 -0.00201335
44 0 -0.00132912
45 0 -0.0113344
46 0 0.0253386
47 0 0.0179047
48 0 -0.0175207
49 0 0.00431392
50 0 -0.0144628
51 0 -0.0363625
52 0 -0.0156082
53 0 0.0104252
54 0 0.0174284
55 0 0.0194187
56 0 -0.0363069
57 0 0.00906607
58 0 0.0208649
59 0 -0.000459467
60 0 -0.00581561
61 0 -0.0107503
62 0 0.00202148
63 0 0.00475624
64 0 0.00180096
65 0 -0.032163
66 0 0.0297983
67 0 -0.00590771
68 0 0.0334771
69 0 0.00398574
70 0 0.015621
71 0 -0.0484466
72 0 0.016363
73 0 -0.0314843
74 0 0.0148658
75 0 -0.0103888
76 0 0.0406492
77 0 0.0017983
78 0 -0.000537766
79 0 -0.0172607
80 0 0.0378162
81 0 -0.0206148
82 0 0.00331086
83 0 0.0233431
84 0 -0.0338058
85 0 0.0304524
86 0 0.00404654
87 0 0.0310896
88 0 -0.0274622
89 0 0.0191463
90 0 0.0324546
91 0 0.00725498
92 0 -0.0070673
93 0 -0.0120528
94 0 0.0105898
95 0 0.0319424
96 0 -0.0257483
97 0 -0.0128566
98 0 0.0418425
99 0 0.0118154
100 0 0.0169803