1 0 0.0048075
2 0 -0.0175232
3 0 0.0479776
4 0 0.007697
5 0 -0.0118087
6 0 -0.00700722
7 0 0.0389057
8 0 -0.014796
9 0 0.0134155
10 0 0.0214921
11 0 -0.0326468
12 0 0.0106431
13 0 -0.0150897
14 0 -0.00812958
15 0 -0.00291365
16 0 -0.0575243
17 0 0.0309314
18 0 0.0259784
19 0 -0.00526439
20 0 -0.0114338
21 0 -0.0110493
22 0 0.0289544
23 0 0.0019451
24 0 0.0234289
25 0 -0.0141077
26 0 0.00588143
27 0 0.018315
28 0 0.0406713
29 0 0.038243
30 0 0.0135699
31 0 0.0486401
32 0 -0.0195584
33 0 0.0247294
34 0 -0.018314
35 0 -0.0173794
36 0 0.00490813
37 0 -0.0327041
38 0 0.0190837
39 0 0.0137706
40 0 0.123101
41 0 -0.0275679
42 0 -0.0139792
43 0 0.00143901
44 0 0.0048844
45 0 -0.0084972
46 0 0.0215886
47 0 -0.00510804
48 0 0.00056048
49 0 -0.00590176
50 0 -0.0111505
51 0 0.00631339
52 0 -0.00402146
53 0 -0.000515103
54 0 0.000379849
55 0 0.00923918
56 0 -0.0396047
57 0 0.0294134
58 0 -0.00115179
59 0 -0.00128695
60 0 0.0128225
61 0 0.0177487
62 0 -0.00638561
63 0 0.02051
64 0 -0.0319248
65 0 -0.0198946
66 0 0.000839629
67 0 -0.023974
68 0 0.0166211
69 0 0.0320887
70 0 -0.0166839
71 0 -0.0226004
72 0 -0.00929962
73 0 -0.00148393
74 0 0.00452453
75 0 0.0178002
76 0 0.00984477
77 0 -0.0073309
78 0 0.0102857
79 0 0.00681769
80 0 -0.00372909
81 0 -0.0249094
82 0 0.0348433
83 0 0.00294966
84 0 0.00548034
85 0 -0.0201758
86 0 -0.025151
87 0 0.010478
88 0 -0.0262767
89 0 0.0035053
90 0 -0.020011
91 0 -0.00464632
92 0 0.00364402
93 0 -0.0148964
94 0 -0.0520055
95 0 -0.0080737
96 0 0.0589112
97 0 -0.0346103
98 0 -0.00710044
99 0 0.0288792
100 0 -0.00160853