1 0 0.0151727
2 0 -0.0256768
3 0 -0.0114905
4 0 -0.00261127
5 0 0.00317288
6 0 0.0117325
7 0 0.0131077
8 0 -0.0284541
9 0 0.0251759
10 0 0.00989038
11 0 -0.0446414
12 0 -0.0215514
13 0 0.00176891
14 0 0.0266259
15 0 0.000680956
16 0 -0.0172137
17 0 0.00608434
18 0 -0.0255133
19 0 0.00645347
20 0 -0.0193789
21 0 -0.0300716
22 0 -0.00893579
23 0 -0.0025481
24 0 -0.0598309
25 0 -0.0297317
26 0 -0.0186679
27 0 -0.0181735
28 0 0.0161705
29 0 0.00518946
30 0 0.00118817
31 0 -0.0440561
32 0 -0.00262234
33 0 -0.0342731
34 0 0.0176373
35 0 0.0222757
36 0 0.0212504
37 0 -0.0469557
38 0 -0.0234783
39 0 0.0635304
40 0 1.00848
41 0 -0.0267184
42 0 -0.00918704
43 0 0.00614691
44 0 0.00803734
45 0 -0.00687267
46 0 0.0093586
47 0 -0.0127196
48 0 0.061933
49 0 -0.0101781
50 0 0.0193315
51 0 0.00827763
52 0 0.0250587
53 0 -0.025245
54 0 -0.0593462
55 0 0.00972565
56 0 0.0128143
57 0 0.0104951
58 0 0.0108766
59 0 0.00249149
60 0 0.028769
61 0 0.0423708
62 0 -0.0020006
63 0 3.44388e-05
64 0 0.027418
65 0 0.0253499
66 0 0.0108404
67 0 0.00426807
68 0 0.00394526
69 0 0.0154373
70 0 -0.025955
71 0 -0.0110142
72 0 -0.00153319
73 0 0.0212717
74 0 0.0403086
75 0 -0.0217669
76 0 0.00835224
77 0 0.0253038
78 0 0.0107324
79 0 -0.0414888
80 0 0.0103255
81 0 -0.0218315
82 0 0.0101005
83 0 -0.00469913
84 0 0.0143409
85 0 0.0216697
86 0 0.0106792
87 0 -0.0103169
88 0 -0.0149764
89 0 -0.00258195
90 0 0.00971121
91 0 -0.0117175
92 0 -0.0186471
93 0 -0.0232879
94 0 0.0104201
95 0 -0.00328865
96 0 -0.0289508
97 0 0.00468839
98 0 -0.0106472
99 0 0.0339227
100 0 -0.0205273