1 0 -0.00117631
2 0 0.0495804
3 0 0.00818676
4 0 0.0322348
5 0 0.00720898
6 0 -0.0148533
7 0 0.0105618
8 0 -0.0151144
9 0 0.0333104
10 0 0.0164611
11 0 0.0241677
12 0 -0.0153022
13 0 -0.0330286
14 0 0.0187046
15 0 0.0221777
16 0 -0.0242286
17 0 0.0330434
18 0 -0.0262446
19 0 0.0240779
20 0 0.0250153
21 0 -0.0299339
22 0 0.0071977
23 0 -0.0178772
24 0 -0.0227196
25 0 0.0163011
26 0 0.00546935
27 0 0.0419638
28 0 -0.0126699
29 0 0.00277139
30 0 -0.00547091
31 0 -0.0249363
32 0 -0.0262982
33 0 -0.0148934
34 0 0.0723192
35 0 -0.014582
36 0 0.0364159
37 0 -0.0351207
38 0 0.000332679
39 0 -0.0126319
40 0 0.084002
41 0 -0.00164279
42 0 -0.0362609
43 0 -0.0250614
44 0 0.00528535
45 0 -0.00388227
46 0 0.0164114
47 0 0.0270019
48 0 0.00149101
49 0 -0.0464371
50 0 0.0120402
51 0 0.0263005
52 0 -0.0165121
53 0 0.00362053
54 0 -0.0236822
55 0 -0.0144301
56 0 -0.0270935
57 0 -0.0319672
58 0 -0.0220906
59 0 0.000269939
60 0 -0.0393766
61 0 0.0243994
62 0 -0.00233564
63 0 0.0348183
64 0 -0.00450207
65 0 -0.00218305
66 0 -0.00226897
67 0 -0.0116831
68 0 0.0217515
69 0 0.00492909
70 0 -0.0599052
71 0 0.00544188
72 0 -0.00620119
73 0 0.00520651
74 0 0.013228
75 0 -0.0144433
76 0 0.0413894
77 0 0.0111887
78 0 0.0289491
79 0 0.00640006
80 0 0.0155477
81 0 0.00446183
82 0 0.0169953
83 0 -0.0133215
84 0 0.0561383
85 0 -0.0074025
86 0 -0.0198217
87 0 -0.0344137
88 0 -0.020449
89 0 0.00749987
90 0 0.0248792
91 0 -0.0137041
92 0 -0.0207313
93 0 -0.00623274
94 0 0.0160601
95 0 0.0112558
96 0 0.0272491
97 0 0.0472744
98 0 -0.0161216
99 0 -0.00129498
100 0 0.00245563