0.0000000 0.9510224
0.0010000 0.8236597
0.0020000 0.5513963
0.0030000 0.0261271
0.0040000 -0.5234135
0.0050000 0.3906944
0.0060000 0.9373711
0.0070000 0.8396196
0.0080000 0.1659830
0.0090000 -0.2178882
0.0100000 2.0887010
0.0110000 1.3710569
0.0120000 0.6586633
0.0130000 0.8777273
0.0140000 0.4051412
0.0150000 0.1321690
0.0160000 -0.0391755
0.0170000 -1.7256727
0.0180000 0.7486167
0.0190000 0.9998633
0.0200000 -0.4791964
0.0210000 -0.6624539
0.0220000 0.5284693
0.0230000 -0.1836294
0.0240000 1.0135760
0.0250000 -2.9659388
0.0260000 -0.5302048
0.0270000 -0.0894193
0.0280000 -0.0155954
0.0290000 -1.7848908
0.0300000 1.2755888
0.0310000 0.1039789
0.0320000 -0.1356247
0.0330000 -0.4558260
0.0340000 0.6232470
0.0350000 0.5471041
0.0360000 -0.7757824
0.0370000 -0.7918070
0.0380000 -0.9631744
0.0390000 0.1897611
0.0400000 0.4482453
0.0410000 -0.2943747
0.0420000 1.3908314
0.0430000 0.5813360
0.0440000 -0.6201444
0.0450000 0.2047374
0.0460000 -0.6766754
0.0470000 -0.6251114
0.0480000 -0.1835507
0.0490000 0.9528982
0.0500000 1.3268205
0.0510000 0.2380245
0.0520000 1.0334536
0.0530000 1.6583990
0.0540000 0.6583093
0.0550000 1.0152962
0.0560000 -0.1971236
0.0570000 -0.3489739
0.0580000 0.9656352
0.0590000 -0.3524579
0.0600000 -1.2588642
0.0610000 2.2289953
0.0620000 -0.8195813
0.0630000 -0.5050575
0.0640000 -0.2665502
0.0650000 -1.3908532
0.0660000 0.9445775
0.0670000 0.6062828
0.0680000 1.5353785
0.0690000 -2.4752302
0.0700000 0.7389174
0.0710000 0.8386946
0.0720000 -0.8237205
0.0730000 1.4078333
0.0740000 1.3388149
0.0750000 -0.3263020
0.0760000 -0.7099159
0.0770000 1.1269034
0.0780000 -0.7334642
0.0790000 0.7054977
0.0800000 -0.0503725
0.0810000 -0.2489889
0.0820000 -0.9735351
0.0830000 2.7786164
0.0840000 1.6885749
0.0850000 0.1830459
0.0860000 -1.4358044
0.0870000 -0.1668848
0.0880000 -1.8170638
0.0890000 -0.2496755
0.0900000 0.7458983
0.0910000 -0.7706814
0.0920000 0.8603938
0.0930000 0.0801449
0.0940000 -0.3055175
0.0950000 0.7262067
0.0960000 -2.7420123
0.0970000 -2.8483977
0.0980000 -0.8159910
0.0990000 -0.3843890
0.1000000 0.7373991
0.1010000 1.2327015
0.1020000 -0.5700301
0.1030000 0.5871480
0.1040000 -1.1105702
0.1050000 0.1265685
0.1060000 0.6061704
0.1070000 -1.5321798
0.1080000 0.3713814
0.1090000 2.3780236
0.1100000 1.1919795
0.1110000 0.4120177
0.1120000 0.1085654
0.1130000 -0.8075390
0.1140000 -0.0404464
0.1150000 -0.6104954
0.1160000 2.2006750
0.1170000 -1.4072963
0.1180000 -2.3777504
0.1190000 0.3392662
0.1200000 -0.6160671
0.1210000 -0.2703158
0.1220000 0.3953154
0.1230000 2.0483024
0.1240000 1.4403020
0.1250000 -0.1798191
0.1260000 -0.1616635
0.1270000 0.7388877
0.1280000 -1.1139178
0.1290000 2.5817666
0.1300000 -0.2657306
0.1310000 0.0283784
0.1320000 0.1723322
0.1330000 1.3273585
0.1340000 0.5417108
0.1350000 -0.3722051
0.1360000 0.6181625
0.1370000 2.0000677
0.1380000 0.7969282
0.1390000 -1.0662218
0.1400000 -0.9117226
0.1410000 0.7410710
0.1420000 -0.0741586
0.1430000 -0.5360195
0.1440000 -1.7659159
0.1450000 0.3960204
0.1460000 -0.1602761
0.1470000 -1.9180984
0.1480000 1.9115210
0.1490000 0.9113706
0.1500000 -0.2878035
0.1510000 -0.4007072
0.1520000 0.2259577
0.1530000 -0.0447550
0.1540000 0.4273172
0.1550000 0.1946911
0.1560000 -0.3988916
0.1570000 0.4232590
0.1580000 -0.3310167
0.1590000 0.7453147
0.1600000 0.9031785
0.1610000 0.4623398
0.1620000 0.5648884
0.1630000 0.0537523
0.1640000 -0.7053851
0.1650000 -0.6260895
0.1660000 -1.4379040
0.1670000 0.6705097
0.1680000 -1.8002472
0.1690000 1.5904280
0.1700000 -0.3834143
0.1710000 -0.6955431
0.1720000 -3.0792282
0.1730000 -1.2075346
0.1740000 1.1148957
0.1750000 0.9141321
0.1760000 -0.8705426
0.1770000 1.0191511
0.1780000 0.0310087
0.1790000 0.8859514
0.1800000 0.0853417
0.1810000 1.0100862
0.1820000 -0.0252818
0.1830000 0.3212130
0.1840000 -0.1861466
0.1850000 -2.0135555
0.1860000 1.2966653
0.1870000 0.3297206
0.1880000 0.7949746
0.1890000 -0.3126526
0.1900000 0.5296406
0.1910000 0.4441732
0.1920000 -0.2762354
0.1930000 1.4315428
0.1940000 -0.6465681
0.1950000 -0.0692926
0.1960000 -1.9313766
0.1970000 -0.5547840
0.1980000 -0.1560742
0.1990000 0.3504007
0.2000000 -1.1184719
0.2010000 -0.1804504
0.2020000 -1.5846560
0.2030000 -0.5635730
0.2040000 0.1343852
0.2050000 1.3115711
0.2060000 -1.2825620
0.2070000 1.1112297
0.2080000 -0.2619822
0.2090000 1.0569458
0.2100000 0.2891150
0.2110000 0.7669048
0.2120000 -0.9741673
0.2130000 1.0896425
0.2140000 -0.1452291
0.2150000 -1.7386837
0.2160000 -0.7125111
0.2170000 1.7562232
0.2180000 1.2454768
0.2190000 -0.8603389
0.2200000 -1.1351945
0.2210000 -0.6412045
0.2220000 0.8172750
0.2230000 -0.3218589
0.2240000 0.3019233
0.2250000 -1.3164954
0.2260000 0.3530999
0.2270000 -1.6275885
0.2280000 0.4685043
0.2290000 -0.1285202
0.2300000 0.7834843
0.2310000 1.3367333
0.2320000 -0.4546260
0.2330000 1.5363463
0.2340000 0.2403324
0.2350000 0.5048450
0.2360000 1.0020888
0.2370000 -1.7143062
0.2380000 -1.1432297
0.2390000 -0.4537703
0.2400000 -0.1349841
0.2410000 2.0238290
0.2420000 0.1712349
0.2430000 0.3510487
0.2440000 -0.2514415
0.2450000 -1.7035038
0.2460000 0.9718856
0.2470000 0.8338581
0.2480000 -0.6266280
0.2490000 0.9652013
0.2500000 0.0579629
0.2510000 -0.8128227
0.2520000 0.0833612
0.2530000 -0.5165799
0.2540000 0.4087912
0.2550000 -1.0236089
0.2560000 -0.6049743
0.2570000 0.0958527
0.2580000 -0.1177344
0.2590000 1.8692961
0.2600000 -1.6429815
0.2610000 0.0363978
0.2620000 0.5192942
0.2630000 -0.3141434
0.2640000 0.7909746
0.2650000 -0.3604098
0.2660000 -0.4588156
0.2670000 -0.3929130
0.2680000 0.0020875
0.2690000 -2.2971790
0.2700000 -0.3787085
0.2710000 0.2837857
0.2720000 -0.6647582
0.2730000 -0.7995943
0.2740000 -1.5911084
0.2750000 -0.2501062
0.2760000 0.8641492
0.2770000 -0.7605155
0.2780000 1.2565527
0.2790000 -0.3211463
0.2800000 0.9206986
0.2810000 0.9551343
0.2820000 -0.4088062
0.2830000 0.2688999
0.2840000 1.7832689
0.2850000 1.9761838
0.2860000 -1.0214505
0.2870000 -1.5489073
0.2880000 0.0812353
0.2890000 -1.6971927
0.2900000 0.7362140
0.2910000 -0.2161090
0.2920000 -0.8536866
0.2930000 0.8417932
0.2940000 2.3529654
0.2950000 0.7259969
0.2960000 1.2370098
0.2970000 -0.1467436
0.2980000 -0.0733167
0.2990000 -0.9750736
0.3000000 0.7679467
0.3010000 -0.8687062
0.3020000 -1.1550258
0.3030000 0.0913801
0.3040000 0.1085216
0.3050000 0.7499962
0.3060000 1.9028220
0.3070000 -0.6999688
0.3080000 1.4865178
0.3090000 0.4254768
0.3100000 1.4253672
0.3110000 -0.2209339
0.3120000 1.6816680
0.3130000 -0.7958420
0.3140000 0.3320074
0.3150000 -0.4256294
0.3160000 -0.5052882
0.3170000 -0.9530977
0.3180000 1.9489368
0.3190000 -0.3857239
0.3200000 2.6067502
0.3210000 -0.6364685
0.3220000 -0.7511855
0.3230000 -0.8256987
0.3240000 -2.2086434
0.3250000 -1.1629865
0.3260000 0.9982624
0.3270000 0.6377407
0.3280000 0.6646549
0.3290000 -1.5880909
0.3300000 -0.0874558
0.3310000 2.7134063
0.3320000 -1.1964774
0.3330000 0.6629572
0.3340000 0.9390538
0.3350000 0.5801418
0.3360000 1.1752889
0.3370000 0.4053174
0.3380000 0.9825242
0.3390000 0.6278694
0.3400000 -0.1947915
0.3410000 -0.0330714
0.3420000 -2.2819579
0.3430000 -0.4366311
0.3440000 -0.2332089
0.3450000 0.1790860
0.3460000 -1.5164350
0.3470000 1.0866915
0.3480000 -0.2444635
0.3490000 1.8651571
0.3500000 0.1668894
0.3510000 -1.0901105
0.3520000 0.6404325
0.3530000 1.2820890
0.3540000 -0.5408046
0.3550000 0.4999117
0.3560000 0.3544196
0.3570000 0.7655810
0.3580000 0.1972044
0.3590000 0.5627801
0.3600000 0.3139527
0.3610000 0.3123949
0.3620000 -0.6961493
0.3630000 0.0204520
0.3640000 0.4632073
0.3650000 1.1972387
0.3660000 0.8880237
0.3670000 0.9264597
0.3680000 -1.1537513
0.3690000 2.3181593
0.3700000 0.2993760
0.3710000 0.4820363
0.3720000 -0.6870970
0.3730000 0.5489144
0.3740000 0.1529511
0.3750000 -0.2025315
0.3760000 0.2015192
0.3770000 -1.3761468
0.3780000 1.7773890
0.3790000 0.2031576
0.3800000 -0.7096471
0.3810000 1.1168344
0.3820000 0.4220131
0.3830000 0.3863614
0.3840000 -0.2899991
0.3850000 -1.2793615
0.3860000 -0.8479982
0.3870000 -0.1970442
0.3880000 0.6436735
0.3890000 -0.2006491
0.3900000 -0.8951620
0.3910000 -2.5960276
0.3920000 0.2230430
0.3930000 -1.5413965
0.3940000 -0.5366280
0.3950000 -0.2048369
0.3960000 -1.0013942
0.3970000 -0.2353382
0.3980000 0.8012494
0.3990000 0.9563626
0.4000000 -0.7717355
0.4010000 -1.8385812
0.4020000 0.1908136
0.4030000 -0.3259888
0.4040000 1.1539891
0.4050000 2.1310494
0.4060000 -0.5905625
0.4070000 0.2620278
0.4080000 -0.8931452
0.4090000 -0.4945320
0.4100000 -0.5171450
0.4110000 -0.3227087
0.4120000 0.3788565
0.4130000 -0.3949711
0.4140000 -0.0221585
0.4150000 -0.1417944
0.4160000 -0.9446578
0.4170000 0.7048317
0.4180000 -0.1610793
0.4190000 0.7449037
0.4200000 0.4248304
0.4210000 -1.3343920
0.4220000 -0.2496517
0.4230000 -0.2830473
0.4240000 0.9088501
0.4250000 0.5889082
0.4260000 0.1370897
0.4270000 -0.2910583
0.4280000 1.1792879
0.4290000 0.6540577
0.4300000 0.0025609
0.4310000 2.0775347
0.4320000 2.2451627
0.4330000 1.2114791
0.4340000 0.4661757
0.4350000 -2.6068227
0.4360000 -0.2731869
0.4370000 -0.7775482
0.4380000 -0.2261129
0.4390000 0.0512867
0.4400000 1.5839297
0.4410000 0.3951452
0.4420000 -0.2562238
0.4430000 -0.4019498
0.4440000 -1.7782047
0.4450000 -0.7244251
0.4460000 -0.6318784
0.4470000 -0.9609861
0.4480000 0.0766166
0.4490000 1.3841218
0.4500000 0.0047825
0.4510000 0.9946842
0.4520000 -0.0351642
0.4530000 1.1683009
0.4540000 0.0100172
0.4550000 0.3358656
0.4560000 0.6424525
0.4570000 0.1200362
0.4580000 1.0717050
0.4590000 0.2632713
0.4600000 1.5323344
0.4610000 0.6917950
0.4620000 -0.6520227
0.4630000 -0.4356520
0.4640000 0.3263986
0.4650000 -0.8152056
0.4660000 0.1705371
0.4670000 1.9847142
0.4680000 -0.6839303
0.4690000 -0.3555398
0.4700000 -0.2352517
0.4710000 0.5253401
0.4720000 -1.1638842
0.4730000 0.5387944
0.4740000 -1.0223857
0.4750000 -2.0508792
0.4760000 -0.6972021
0.4770000 1.0326724
0.4780000 2.9564397
0.4790000 1.7250425
0.4800000 0.9616300
0.4810000 0.5986530
0.4820000 -0.2634598
0.4830000 -0.0066420
0.4840000 0.8893430
0.4850000 -0.7391223
0.4860000 -0.8038613
0.4870000 -0.1171989
0.4880000 0.2404775
0.4890000 1.2739116
0.4900000 -0.0044052
0.4910000 0.1038127
0.4920000 -1.9862539
0.4930000 -1.6371795
0.4940000 -1.0121109
0.4950000 0.8290769
0.4960000 -1.9970295
0.4970000 0.1345225
0.4980000 -0.6159472
0.4990000 0.1860106
0.5000000 0.3564806
0.5010000 -1.1821166
0.5020000 -0.5114837
0.5030000 0.3253492
0.5040000 -1.2790680
0.5050000 -0.4264728
0.5060000 -0.8651169
0.5070000 -0.9757988
0.5080000 0.4445529
0.5090000 0.9020662
0.5100000 -0.7254294
0.5110000 0.5280063
0.5120000 0.3488945
0.5130000 -0.1121551
0.5140000 -0.1028575
0.5150000 0.6599236
0.5160000 -2.7019858
0.5170000 0.9579163
0.5180000 -0.1938494
0.5190000 0.9037224
0.5200000 -0.0257458
0.5210000 -0.5580467
0.5220000 0.0931044
0.5230000 -0.1365597
0.5240000 -0.3959608
0.5250000 -0.1998297
0.5260000 -1.9128978
0.5270000 1.3511571
0.5280000 -0.0065776
0.5290000 0.5153142
0.5300000 1.1251841
0.5310000 0.1941274
0.5320000 1.4860219
0.5330000 0.0835157
0.5340000 0.5197039
0.5350000 -1.1621393
0.5360000 0.3586227
0.5370000 -1.6233374
0.5380000 -1.7578573
0.5390000 0.4485005
0.5400000 0.4801694
0.5410000 -1.9559704
0.5420000 -0.9378589
0.5430000 -0.0010745
0.5440000 -0.4801080
0.5450000 -0.1467930
0.5460000 -0.1958773
0.5470000 1.1249818
0.5480000 0.3219697
0.5490000 0.2374860
0.5500000 0.6701049
0.5510000 1.5450783
0.5520000 -0.4394204
0.5530000 0.1125191
0.5540000 1.5306119
0.5550000 -0.0173840
0.5560000 0.2848301
0.5570000 0.5571442
0.5580000 0.6372738
0.5590000 -0.3193676
0.5600000 -0.9117922
0.5610000 -0.8963509
0.5620000 0.0024860
0.5630000 -1.1391999
0.5640000 -0.3047332
0.5650000 0.9622105
0.5660000 0.2026252
0.5670000 -1.4665023
0.5680000 0.0206519
0.5690000 -0.5983625
0.5700000 -1.4557244
0.5710000 -1.5359836
0.5720000 -1.6287743
0.5730000 -1.3037181
0.5740000 -0.6645064
0.5750000 1.3573180
0.5760000 -1.7097558
0.5770000 -0.7180342
0.5780000 -1.5321752
0.5790000 -0.0579867
0.5800000 0.0884312
0.5810000 0.1458898
0.5820000 -1.1957930
0.5830000 0.2598879
0.5840000 -1.0521165
0.5850000 0.7126870
0.5860000 1.3057249
0.5870000 1.2816514
0.5880000 0.1415169
0.5890000 -0.9376844
0.5900000 0.6095082
0.5910000 -0.4878618
0.5920000 -1.1195214
0.5930000 0.0210698
0.5940000 0.6859934
0.5950000 -0.0805593
0.5960000 0.4209466
0.5970000 -0.8589225
0.5980000 0.7466108
0.5990000 -0.8410242
0.6000000 1.5740782
0.6010000 -1.4353403
0.6020000 -0.1586983
0.6030000 -0.5197127
0.6040000 -0.3076369
0.6050000 0.1572611
0.6060000 0.9806687
0.6070000 0.1260700
0.6080000 -0.1756553
0.6090000 -0.0338255
0.6100000 0.4738550
0.6110000 0.3984067
0.6120000 -0.9248380
0.6130000 -0.5842707
0.6140000 -0.0139961
0.6150000 0.4766597
0.6160000 1.4544595
0.6170000 0.7736933
0.6180000 -0.2360321
0.6190000 0.2835428
0.6200000 -0.8069506
0.6210000 1.1297277
0.6220000 -0.9307407
0.6230000 1.7751758
0.6240000 -1.7827760
0.6250000 2.0598032
0.6260000 1.6357039
0.6270000 -1.1640476
0.6280000 -0.7142847
0.6290000 -0.5143789
0.6300000 -0.9377664
0.6310000 -1.2065179
0.6320000 1.4728793
0.6330000 -0.1300951
0.6340000 0.5521075
0.6350000 0.3735004
0.6360000 1.2699928
0.6370000 0.9727129
0.6380000 -1.7712725
0.6390000 1.1399156
0.6400000 -0.5517049
0.6410000 0.2986026
0.6420000 0.4472269
0.6430000 -3.0623438
0.6440000 -1.0589736
0.6450000 -0.1219868
0.6460000 -1.7485839
0.6470000 -0.5498787
0.6480000 -0.4396216
0.6490000 0.4986607
0.6500000 0.5030063
0.6510000 -2.1679785
0.6520000 -0.8241430
0.6530000 0.7886342
0.6540000 1.0395086
0.6550000 1.1928525
0.6560000 -2.0674777
0.6570000 -1.1168413
0.6580000 1.2587665
0.6590000 -0.4822753
0.6600000 1.1179705
0.6610000 -1.0707828
0.6620000 -2.3626668
0.6630000 -0.5129328
0.6640000 -1.4544239
0.6650000 -0.8099291
0.6660000 -0.1378956
0.6670000 -0.1367801
0.6680000 1.0158724
0.6690000 0.2586667
0.6700000 0.3762640
0.6710000 0.2124216
0.6720000 0.1696710
0.6730000 -1.7131369
0.6740000 -0.0017065
0.6750000 0.6834301
0.6760000 -1.7198638
0.6770000 -0.0978451
0.6780000 -0.5179817
0.6790000 1.4440933
0.6800000 0.3038424
0.6810000 1.7363790
0.6820000 -1.2436314
0.6830000 1.7455949
0.6840000 -0.9089183
0.6850000 0.0213027
0.6860000 0.9403899
0.6870000 0.9274242
0.6880000 -0.2313917
0.6890000 0.1357812
0.6900000 2.2771771
0.6910000 -0.3570574
0.6920000 -1.5443637
0.6930000 0.3337561
0.6940000 -1.1247022
0.6950000 1.2684568
0.6960000 -0.9195392
0.6970000 -1.2911817
0.6980000 -0.5488269
0.6990000 -0.1585579
0.7000000 -0.3779258
0.7010000 1.2897666
0.7020000 -1.2295369
0.7030000 1.2592025
0.7040000 1.0110183
0.7050000 0.4054828
0.7060000 0.4295373
0.7070000 0.7919419
0.7080000 1.1334128
0.7090000 -0.1541595
0.7100000 0.3873040
0.7110000 -0.6029136
0.7120000 1.6937615
0.7130000 -0.5760601
0.7140000 -0.7612880
0.7150000 -0.3672484
0.7160000 -0.2351108
0.7170000 -1.2338431
0.7180000 1.3458964
0.7190000 0.5065907
0.7200000 -0.0226321
0.7210000 0.6455337
0.7220000 1.4270951
0.7230000 0.9751541
0.7240000 0.8403913
0.7250000 -0.5155923
0.7260000 -1.3383849
0.7270000 1.0972197
0.7280000 1.9021292
0.7290000 1.8324271
0.7300000 -0.0718232
0.7310000 0.9896826
0.7320000 -0.8996401
0.7330000 0.4338287
0.7340000 -0.6701036
0.7350000 0.4950004
0.7360000 1.3863871
0.7370000 -0.6187044
0.7380000 -0.3786590
0.7390000 0.3196969
0.7400000 2.0735896
0.7410000 -1.1745803
0.7420000 -0.3153460
0.7430000 0.5510074
0.7440000 0.8194218
0.7450000 -1.6841460
0.7460000 -0.0646438
0.7470000 0.1880829
0.7480000 0.1151586
0.7490000 0.1803389
0.7500000 -0.4569131
0.7510000 1.4046663
0.7520000 -1.1694400
0.7530000 3.2741385
0.7540000 1.8234303
0.7550000 -0.8624787
0.7560000 0.0256023
0.7570000 0.7593479
0.7580000 -0.2920464
0.7590000 -0.2584405
0.7600000 -0.6929961
0.7610000 0.9061993
0.7620000 -0.1704362
0.7630000 0.4212807
0.7640000 1.2691112
0.7650000 -1.6636860
0.7660000 -0.9254924
0.7670000 0.1193394
0.7680000 -3.5767834
0.7690000 0.1778424
0.7700000 0.1829799
0.7710000 1.1787511
0.7720000 0.1671035
0.7730000 0.6527523
0.7740000 -0.0617102
0.7750000 0.0070140
0.7760000 0.1069883
0.7770000 -0.8480394
0.7780000 -0.3948944
0.7790000 -0.3242304
0.7800000 1.2210475
0.7810000 0.7654872
0.7820000 0.8971678
0.7830000 2.3076143
0.7840000 0.3167832
0.7850000 1.0372677
0.7860000 0.2162109
0.7870000 0.1504549
0.7880000 0.1507113
0.7890000 1.9028975
0.7900000 0.5018297
0.7910000 -0.2214988
0.7920000 0.2108339
0.7930000 -0.8895922
0.7940000 0.9697630
0.7950000 0.9087954
0.7960000 1.9006494
0.7970000 0.0583168
0.7980000 -1.1321111
0.7990000 1.2942077
0.8000000 -0.4724150
0.8010000 1.0228822
0.8020000 0.3825497
0.8030000 -1.1917554
0.8040000 -0.2379504
0.8050000 -1.0151913
0.8060000 0.9100788
0.8070000 2.0346341
0.8080000 0.7902191
0.8090000 -1.7465293
0.8100000 0.7986398
0.8110000 -0.0339044
0.8120000 -0.2905693
0.8130000 -1.4150285
0.8140000 2.3254941
0.8150000 -0.9352654
0.8160000 -1.1379367
0.8170000 -1.0813153
0.8180000 -1.7163799
0.8190000 -1.6550071
0.8200000 -0.4471302
0.8210000 -0.1416100
0.8220000 0.3809481
0.8230000 -0.7529411
0.8240000 1.0742096
0.8250000 -0.3510240
0.8260000 -1.3482640
0.8270000 1.0488727
0.8280000 1.0043100
0.8290000 0.3480313
0.8300000 -1.9143066
0.8310000 0.2875973
0.8320000 1.1428891
0.8330000 0.1291634
0.8340000 -0.4258246
0.8350000 -1.2859168
0.8360000 1.5732738
0.8370000 -0.4627746
0.8380000 0.6110979
0.8390000 -0.1399738
0.8400000 -0.6987664
0.8410000 -0.4274657
0.8420000 1.0396112
0.8430000 0.0808336
0.8440000 -0.1353761
0.8450000 -0.6153262
0.8460000 1.7118115
0.8470000 -0.8836659
0.8480000 0.4470476
0.8490000 0.4549854
0.8500000 -1.6508129
0.8510000 0.1783273
0.8520000 -0.2926916
0.8530000 0.7164229
0.8540000 -0.1864645
0.8550000 1.7779197
0.8560000 -0.5083169
0.8570000 0.7783768
0.8580000 0.2166959
0.8590000 -1.5717268
0.8600000 0.4437149
0.8610000 0.3000813
0.8620000 -1.2850784
0.8630000 -1.1067243
0.8640000 0.9042026
0.8650000 -1.2957036
0.8660000 -0.9808684
0.8670000 -0.2556007
0.8680000 -1.3854973
0.8690000 1.6437945
0.8700000 -0.0566247
0.8710000 1.5832255
0.8720000 -0.1197516
0.8730000 1.3450972
0.8740000 0.7858196
0.8750000 0.6656460
0.8760000 0.8087249
0.8770000 1.2187067
0.8780000 -0.0043937
0.8790000 0.7184566
0.8800000 -1.1285180
0.8810000 0.5292647
0.8820000 -0.3186877
0.8830000 -0.3498692
0.8840000 -1.1303951
0.8850000 -1.4377388
0.8860000 2.6308818
0.8870000 -1.4627262
0.8880000 -0.1164024
0.8890000 -1.0787203
0.8900000 1.3222194
0.8910000 -0.1336045
0.8920000 0.6381640
0.8930000 -1.4436741
0.8940000 -3.7389059
0.8950000 0.2207582
0.8960000 0.6254102
0.8970000 0.6441628
0.8980000 -1.4275258
0.8990000 -0.1675351
0.9000000 0.6360889
0.9010000 0.0322120
0.9020000 -0.4073326
0.9030000 0.4791536
0.9040000 -0.7389367
0.9050000 1.3716650
0.9060000 0.4678948
0.9070000 1.6940753
0.9080000 -0.3493115
0.9090000 0.5193523
0.9100000 0.1460667
0.9110000 -0.9435656
0.9120000 1.2087516
0.9130000 0.2281945
0.9140000 0.2289000
0.9150000 -1.0306745
0.9160000 -1.1656132
0.9170000 0.6293308
0.9180000 0.8672326
0.9190000 -0.1860471
0.9200000 -1.4422159
0.9210000 0.6441367
0.9220000 0.2789328
0.9230000 -1.6047690
0.9240000 -0.0042009
0.9250000 0.0749957
0.9260000 -0.9324531
0.9270000 -0.9858296
0.9280000 1.3199700
0.9290000 1.7236483
0.9300000 0.0005495
0.9310000 0.3293923
0.9320000 -0.9077598
0.9330000 -0.0867194
0.9340000 -0.1862929
0.9350000 2.6743066
0.9360000 0.7571260
0.9370000 -0.1849878
0.9380000 0.4917455
0.9390000 -1.2798508
0.9400000 -0.4489771
0.9410000 -0.2896618
0.9420000 0.0088666
0.9430000 2.0507782
0.9440000 -0.9246453
0.9450000 -0.7600218
0.9460000 -1.1772586
0.9470000 0.0214108
0.9480000 1.8692216
0.9490000 -0.0735004
0.9500000 -2.1426985
0.9510000 0.1283199
0.9520000 -0.0488103
0.9530000 1.4246951
0.9540000 -0.6343482
0.9550000 -0.8463366
0.9560000 0.1922850
0.9570000 -0.5619004
0.9580000 -0.6189880
0.9590000 -1.8856733
0.9600000 -1.3271418
0.9610000 -0.9090238
0.9620000 0.6333640
0.9630000 1.7044870
0.9640000 -1.4390287
0.9650000 -0.4264062
0.9660000 -1.2770433
0.9670000 1.5607847
0.9680000 -0.8865818
0.9690000 0.4088264
0.9700000 -0.7045714
0.9710000 -1.4138855
0.9720000 1.0652988
0.9730000 -0.0457178
0.9740000 0.2458392
0.9750000 -0.0686929
0.9760000 0.1805034
0.9770000 0.4268191
0.9780000 0.7079222
0.9790000 -0.0817522
0.9800000 0.7234640
0.9810000 1.2639973
0.9820000 -0.5962377
0.9830000 -0.6663722
0.9840000 0.0958969
0.9850000 0.2880954
0.9860000 2.0983715
0.9870000 0.5389376
0.9880000 -0.1232731
0.9890000 -1.6918135
0.9900000 -0.2705114
0.9910000 1.0814962
0.9920000 -0.4908591
0.9930000 -0.3168347
0.9940000 -0.2632451
0.9950000 0.5939442
0.9960000 -0.9921077
0.9970000 -0.5934663
0.9980000 -0.9758694
0.9990000 0.9091055
