0.0000000 3.3219464
0.0010000 2.2359912
0.0020000 1.4125507
0.0030000 1.0971501
0.0040000 0.9314452
0.0050000 2.4351285
0.0060000 2.4291582
0.0070000 2.9932199
0.0080000 0.4582478
0.0090000 1.0728052
0.0100000 -0.4667203
0.0110000 -0.1397795
0.0120000 -1.1975865
0.0130000 -0.4415970
0.0140000 -0.0429063
0.0150000 -3.9799154
0.0160000 -2.2869456
0.0170000 -2.6438441
0.0180000 0.5591440
0.0190000 -1.1388158
0.0200000 -3.6572902
0.0210000 -1.9290906
0.0220000 -2.3889749
0.0230000 -1.1283047
0.0240000 0.2296797
0.0250000 -0.8228293
0.0260000 1.1446069
0.0270000 -0.0603566
0.0280000 2.5924320
0.0290000 1.7828715
0.0300000 2.3569317
0.0310000 1.2840172
0.0320000 2.2251835
0.0330000 2.9400179
0.0340000 1.3462203
0.0350000 -0.3101091
0.0360000 2.2391939
0.0370000 -0.5311935
0.0380000 2.7254298
0.0390000 -0.9646553
0.0400000 -1.0708020
0.0410000 -0.9531538
0.0420000 -1.6838629
0.0430000 -4.3513904
0.0440000 -2.9106269
0.0450000 -1.2286743
0.0460000 -2.0736141
0.0470000 -1.3294640
0.0480000 -0.2904758
0.0490000 -1.4839933
0.0500000 0.8717487
0.0510000 0.1084012
0.0520000 1.8881890
0.0530000 0.7632446
0.0540000 1.7481514
0.0550000 2.0996768
0.0560000 1.2982377
0.0570000 1.7986230
0.0580000 0.7180691
0.0590000 2.7142062
0.0600000 0.6315358
0.0610000 -1.1942817
0.0620000 -0.0943407
0.0630000 0.2805914
0.0640000 0.0438973
0.0650000 -0.4204161
0.0660000 -1.7097815
0.0670000 -1.8475817
0.0680000 -3.0734921
0.0690000 -0.7519019
0.0700000 -1.7295038
0.0710000 -0.9810244
0.0720000 -1.0938425
0.0730000 -0.9906024
0.0740000 -1.1197199
0.0750000 0.3307204
0.0760000 -0.8355972
0.0770000 2.5585001
0.0780000 0.1327628
0.0790000 2.1364017
0.0800000 2.6439893
0.0810000 2.2664139
0.0820000 1.5652093
0.0830000 2.9439657
0.0840000 1.8746443
0.0850000 1.7864695
0.0860000 0.6526350
0.0870000 1.0095434
0.0880000 0.2979600
0.0890000 -0.2879370
0.0900000 -1.3544525
0.0910000 -2.0026050
0.0920000 -2.1057343
0.0930000 -2.1705215
0.0940000 -0.9541994
0.0950000 -2.1234860
0.0960000 -1.0082264
0.0970000 -0.3041330
0.0980000 0.9094368
0.0990000 0.5227880
0.1000000 -0.7802725
0.1010000 -2.2283044
0.1020000 0.3178142
0.1030000 2.3865047
0.1040000 2.0227549
0.1050000 3.5729940
0.1060000 1.4889596
0.1070000 2.2532947
0.1080000 3.0523362
0.1090000 2.6140342
0.1100000 0.4147379
0.1110000 2.4494710
0.1120000 0.5754829
0.1130000 1.6489725
0.1140000 -3.1527505
0.1150000 -2.4011688
0.1160000 -0.6495295
0.1170000 -2.5324428
0.1180000 -2.5834854
0.1190000 -1.8990731
0.1200000 -2.1316574
0.1210000 -1.8511140
0.1220000 0.3285480
0.1230000 -0.2727995
0.1240000 -0.0410464
0.1250000 -1.6420140
0.1260000 1.0419451
0.1270000 1.7961396
0.1280000 1.4398177
0.1290000 2.0779743
0.1300000 3.2094529
0.1310000 1.3978037
0.1320000 0.6492962
0.1330000 0.4416897
0.1340000 1.5317053
0.1350000 2.7370450
0.1360000 -1.4277408
0.1370000 -0.8868430
0.1380000 -0.5420028
0.1390000 -0.3550415
0.1400000 -2.2851939
0.1410000 -3.7610559
0.1420000 -1.0914054
0.1430000 0.7367741
0.1440000 -0.8312275
0.1450000 -1.8972399
0.1460000 -2.6988013
0.1470000 -0.7260733
0.1480000 -0.9799944
0.1490000 -0.9193205
0.1500000 0.2389982
0.1510000 0.3761359
0.1520000 0.8300624
0.1530000 0.9647161
0.1540000 4.3888621
0.1550000 2.2807355
0.1560000 2.4003975
0.1570000 2.9736912
0.1580000 1.2438244
0.1590000 1.2229894
0.1600000 1.1370578
0.1610000 0.5552027
0.1620000 0.8259769
0.1630000 0.3724774
0.1640000 -0.2526997
0.1650000 -2.5184305
0.1660000 -0.7221962
0.1670000 -1.8290077
0.1680000 -2.2765231
0.1690000 -3.4894648
0.1700000 -0.7721662
0.1710000 -3.2453623
0.1720000 -2.1593950
0.1730000 -0.1386193
0.1740000 -1.6951346
0.1750000 -0.5716105
0.1760000 1.4387548
0.1770000 -0.0376245
0.1780000 1.5241014
0.1790000 1.3260803
0.1800000 3.5181046
0.1810000 3.1106720
0.1820000 1.7892337
0.1830000 1.4489372
0.1840000 1.2598704
0.1850000 3.4164093
0.1860000 0.6563953
0.1870000 1.2701453
0.1880000 -0.0029098
0.1890000 -1.3809055
0.1900000 -1.9824332
0.1910000 -2.3479946
0.1920000 -1.5920478
0.1930000 -0.8117875
0.1940000 -1.6897835
0.1950000 -2.4534557
0.1960000 -2.4304171
0.1970000 -2.3618033
0.1980000 -1.7924165
0.1990000 -0.4726575
0.2000000 0.7533813
0.2010000 -0.5071592
0.2020000 0.4858856
0.2030000 0.4519708
0.2040000 1.8755311
0.2050000 2.4501340
0.2060000 1.3949280
0.2070000 1.5154574
0.2080000 2.5958214
0.2090000 2.2754347
0.2100000 0.0123865
0.2110000 0.7255886
0.2120000 0.1534659
0.2130000 -0.8970007
0.2140000 -0.3107497
0.2150000 -1.0978996
0.2160000 -0.1909624
0.2170000 -1.6231934
0.2180000 -2.9541309
0.2190000 -1.6362126
0.2200000 -2.1832650
0.2210000 -1.9737068
0.2220000 -1.6208259
0.2230000 -0.7179658
0.2240000 -0.5282128
0.2250000 0.4396154
0.2260000 0.8458704
0.2270000 1.5036601
0.2280000 0.5956252
0.2290000 1.8205121
0.2300000 2.3939064
0.2310000 2.3353193
0.2320000 1.1479119
0.2330000 2.4756815
0.2340000 1.7278502
0.2350000 4.1322913
0.2360000 2.2473292
0.2370000 0.6808897
0.2380000 0.6325350
0.2390000 0.1494849
0.2400000 -0.8068954
0.2410000 -1.7518541
0.2420000 -1.8072960
0.2430000 -1.0682708
0.2440000 -1.8223736
0.2450000 -2.8280060
0.2460000 -1.1843687
0.2470000 0.5188757
0.2480000 -2.8709867
0.2490000 -0.2136779
0.2500000 0.2948500
0.2510000 1.4582268
0.2520000 1.4007819
0.2530000 1.4872698
0.2540000 2.8146799
0.2550000 1.2446473
0.2560000 3.3152983
0.2570000 2.2993309
0.2580000 1.4122126
0.2590000 2.7386632
0.2600000 0.6505292
0.2610000 0.5632232
0.2620000 0.6166834
0.2630000 0.9337875
0.2640000 -1.1227375
0.2650000 -0.2628426
0.2660000 -1.2100030
0.2670000 -2.1850157
0.2680000 -1.4147801
0.2690000 -1.5415604
0.2700000 -2.7595212
0.2710000 -1.5172529
0.2720000 -0.4712782
0.2730000 -2.2307286
0.2740000 -0.4662141
0.2750000 0.1559605
0.2760000 3.0626881
0.2770000 -0.0756824
0.2780000 1.9741206
0.2790000 -0.5011154
0.2800000 1.9300005
0.2810000 1.1150782
0.2820000 2.1269002
0.2830000 1.5918123
0.2840000 2.7648389
0.2850000 0.5852697
0.2860000 0.5600339
0.2870000 0.5376933
0.2880000 0.1180999
0.2890000 -1.3544415
0.2900000 0.5346904
0.2910000 -1.2635454
0.2920000 -0.6702607
0.2930000 -2.0495350
0.2940000 -1.3912381
0.2950000 -2.6638930
0.2960000 -0.2294335
0.2970000 -3.0216110
0.2980000 -2.1175039
0.2990000 0.3478787
0.3000000 -1.1841761
0.3010000 -0.0118021
0.3020000 -0.9751347
0.3030000 2.3729975
0.3040000 0.8897939
0.3050000 0.2953520
0.3060000 1.3166417
0.3070000 1.3766104
0.3080000 0.4947826
0.3090000 1.4472196
0.3100000 1.9154423
0.3110000 0.5207326
0.3120000 -0.0757910
0.3130000 0.1091006
0.3140000 0.3088706
0.3150000 -0.8853011
0.3160000 -0.9288319
0.3170000 -1.7415899
0.3180000 -1.2592282
0.3190000 -1.6794367
0.3200000 -1.0914285
0.3210000 -1.3363079
0.3220000 -1.3614180
0.3230000 -2.3043685
0.3240000 0.3567820
0.3250000 1.8733453
0.3260000 0.1421342
0.3270000 2.0914056
0.3280000 1.4922767
0.3290000 1.7003168
0.3300000 2.5425591
0.3310000 3.0578833
0.3320000 4.8013763
0.3330000 0.6808609
0.3340000 1.0315484
0.3350000 0.5392035
0.3360000 1.7132919
0.3370000 -1.3576068
0.3380000 -1.4071655
0.3390000 -1.6947968
0.3400000 -0.0047884
0.3410000 -0.3463905
0.3420000 -1.7549086
0.3430000 -1.1006823
0.3440000 -2.2880342
0.3450000 -2.7256293
0.3460000 -2.8970535
0.3470000 -1.6325766
0.3480000 -1.6370574
0.3490000 -0.1036512
0.3500000 0.6155118
0.3510000 0.3065498
0.3520000 0.6098803
0.3530000 2.1132581
0.3540000 2.0935574
0.3550000 2.1347609
0.3560000 2.3043048
0.3570000 0.3800719
0.3580000 0.7809916
0.3590000 1.5296922
0.3600000 0.9479915
0.3610000 3.0019863
0.3620000 0.0566093
0.3630000 -1.6032146
0.3640000 0.4082920
0.3650000 0.6079153
0.3660000 -0.7466822
0.3670000 -3.6436455
0.3680000 -0.0032003
0.3690000 -0.1437761
0.3700000 -1.8231102
0.3710000 -0.9589707
0.3720000 -2.9534121
0.3730000 1.0156353
0.3740000 -0.6836607
0.3750000 0.0927223
0.3760000 0.3256113
0.3770000 0.2793888
0.3780000 1.9696728
0.3790000 1.0120800
0.3800000 1.4674382
0.3810000 2.2635002
0.3820000 1.1471082
0.3830000 1.5612496
0.3840000 1.3197057
0.3850000 1.6760925
0.3860000 1.0638080
0.3870000 0.4332052
0.3880000 -0.5749589
0.3890000 -1.9000342
0.3900000 -2.5381169
0.3910000 -3.1650527
0.3920000 -2.0042832
0.3930000 -2.3930521
0.3940000 -2.1821425
0.3950000 -3.4349198
0.3960000 -1.2519983
0.3970000 -0.7814603
0.3980000 -1.6888316
0.3990000 -2.3415670
0.4000000 -1.4102596
0.4010000 0.4559138
0.4020000 0.7346829
0.4030000 2.0682957
0.4040000 0.9826300
0.4050000 1.9042493
0.4060000 3.4155457
0.4070000 2.8730991
0.4080000 0.7765439
0.4090000 0.4361539
0.4100000 1.4223841
0.4110000 -0.6046570
0.4120000 0.5360161
0.4130000 0.6440920
0.4140000 0.5182902
0.4150000 -2.5809002
0.4160000 -1.9543504
0.4170000 -0.7964805
0.4180000 -1.1877058
0.4190000 -1.8418510
0.4200000 -3.4215753
0.4210000 -1.4945295
0.4220000 -1.2083027
0.4230000 -0.0093459
0.4240000 -1.0347147
0.4250000 -0.3287054
0.4260000 0.1142359
0.4270000 -0.0662409
0.4280000 0.9721500
0.4290000 2.1787689
0.4300000 2.3535717
0.4310000 0.9759322
0.4320000 1.2761203
0.4330000 1.3083913
0.4340000 -0.7340000
0.4350000 0.0897928
0.4360000 1.6718631
0.4370000 1.5292462
0.4380000 -0.9410862
0.4390000 -0.0873545
0.4400000 0.6493598
0.4410000 -2.5433574
0.4420000 -0.6387554
0.4430000 -1.6142057
0.4440000 -1.1740521
0.4450000 -0.8790838
0.4460000 0.4280048
0.4470000 -1.4605041
0.4480000 -1.1656307
0.4490000 -0.8893199
0.4500000 -1.8106437
0.4510000 0.3914974
0.4520000 1.7848095
0.4530000 1.0349292
0.4540000 1.5250449
0.4550000 -0.1851327
0.4560000 2.2739658
0.4570000 3.2676687
0.4580000 0.2956815
0.4590000 0.8474191
0.4600000 1.0061264
0.4610000 -0.6139187
0.4620000 0.1258320
0.4630000 1.3100811
0.4640000 0.1257682
0.4650000 -0.3732219
0.4660000 -1.8435887
0.4670000 -1.3380266
0.4680000 -2.1982167
0.4690000 -1.2907075
0.4700000 -1.4923867
0.4710000 -2.9487522
0.4720000 -3.6141980
0.4730000 -0.0846249
0.4740000 -0.1296666
0.4750000 -0.6226141
0.4760000 -0.6316985
0.4770000 0.8430929
0.4780000 2.1510830
0.4790000 2.4419820
0.4800000 1.6829063
0.4810000 2.5861046
0.4820000 1.7551743
0.4830000 1.2751118
0.4840000 1.9280655
0.4850000 0.4585587
0.4860000 1.9551313
0.4870000 1.1826342
0.4880000 -2.0348289
0.4890000 0.1640026
0.4900000 0.3318282
0.4910000 -3.1605372
0.4920000 -1.4914237
0.4930000 -1.8344917
0.4940000 -1.5150930
0.4950000 -1.9575431
0.4960000 -1.1936783
0.4970000 -0.7632388
0.4980000 -1.3369361
0.4990000 -0.9360346
0.5000000 -1.4483708
0.5010000 0.3612045
0.5020000 1.0794193
0.5030000 1.5526866
0.5040000 2.5028193
0.5050000 3.5536737
0.5060000 4.0851922
0.5070000 2.4492984
0.5080000 0.9902954
0.5090000 2.7172878
0.5100000 -0.3881046
0.5110000 0.8589125
0.5120000 -0.4956090
0.5130000 0.5866775
0.5140000 -1.3934251
0.5150000 0.0261920
0.5160000 -1.7351329
0.5170000 -2.7379723
0.5180000 -3.0497470
0.5190000 -2.1889169
0.5200000 -3.2219985
0.5210000 -2.7158711
0.5220000 -0.9880712
0.5230000 -1.2502359
0.5240000 -1.9818028
0.5250000 -0.8636369
0.5260000 0.4621857
0.5270000 1.9359547
0.5280000 2.1817701
0.5290000 1.4299014
0.5300000 0.2707600
0.5310000 1.9694834
0.5320000 2.9680586
0.5330000 1.9475365
0.5340000 1.6373763
0.5350000 1.3449190
0.5360000 0.9809535
0.5370000 0.1544222
0.5380000 -1.6988672
0.5390000 -0.4202449
0.5400000 0.4985867
0.5410000 0.3440572
0.5420000 -2.2210979
0.5430000 -3.8301070
0.5440000 -1.4243268
0.5450000 -1.8419371
0.5460000 -2.1956277
0.5470000 -1.4517907
0.5480000 -0.1482907
0.5490000 -1.0951265
0.5500000 0.6468173
0.5510000 -1.5762634
0.5520000 -0.1771214
0.5530000 1.8575170
0.5540000 1.2763400
0.5550000 1.3141890
0.5560000 2.9703679
0.5570000 2.2282884
0.5580000 1.6070871
0.5590000 -0.4306907
0.5600000 0.8047500
0.5610000 1.2944462
0.5620000 -1.3681266
0.5630000 -1.0367459
0.5640000 -0.2486404
0.5650000 -1.6634885
0.5660000 -1.2811459
0.5670000 -2.1214988
0.5680000 -1.7724001
0.5690000 -1.3506938
0.5700000 -0.7635533
0.5710000 -2.5986860
0.5720000 -1.9107608
0.5730000 0.0375998
0.5740000 -1.8431089
0.5750000 -1.1419557
0.5760000 0.7945036
0.5770000 0.9379198
0.5780000 -1.5228755
0.5790000 2.6918926
0.5800000 1.2296249
0.5810000 1.6809449
0.5820000 2.8503320
0.5830000 2.8934236
0.5840000 0.5082135
0.5850000 -0.2547892
0.5860000 1.2549549
0.5870000 -0.8054650
0.5880000 1.1924523
0.5890000 0.2464804
0.5900000 -1.2538691
0.5910000 0.2236367
0.5920000 -2.9310303
0.5930000 -1.3196474
0.5940000 -2.3660207
0.5950000 -2.4337518
0.5960000 -1.7576610
0.5970000 -0.4116060
0.5980000 -0.0030639
0.5990000 -1.7394135
0.6000000 1.7368751
0.6010000 -1.9108820
0.6020000 0.3171033
0.6030000 1.6369454
0.6040000 0.8306177
0.6050000 2.7024765
0.6060000 1.7005416
0.6070000 0.6917819
0.6080000 2.4731460
0.6090000 1.4305395
0.6100000 1.0304379
0.6110000 0.6609452
0.6120000 -1.2032999
0.6130000 -0.0064293
0.6140000 -1.1178211
0.6150000 0.6174017
0.6160000 -1.5290639
0.6170000 -4.5123262
0.6180000 -1.9495063
0.6190000 -2.0450163
0.6200000 -2.0742569
0.6210000 -3.2926323
0.6220000 -1.1690923
0.6230000 -1.7434648
0.6240000 1.5908034
0.6250000 -1.4797244
0.6260000 1.8269972
0.6270000 0.8613049
0.6280000 1.8278136
0.6290000 2.5869772
0.6300000 3.0598974
0.6310000 2.4278715
0.6320000 -0.4194445
0.6330000 1.6982148
0.6340000 0.4364397
0.6350000 0.1827466
0.6360000 2.0795081
0.6370000 -1.0194799
0.6380000 -0.2883646
0.6390000 -0.2777903
0.6400000 -1.7639321
0.6410000 -1.5752170
0.6420000 -2.3012269
0.6430000 -3.4898114
0.6440000 -2.3220882
0.6450000 -2.6234050
0.6460000 -1.1222215
0.6470000 -1.4916480
0.6480000 -0.2865924
0.6490000 -0.9744786
0.6500000 -0.6810291
0.6510000 0.5470768
0.6520000 1.4372888
0.6530000 1.1678948
0.6540000 0.6162792
0.6550000 1.6406960
0.6560000 2.8713772
0.6570000 1.4568163
0.6580000 1.1106088
0.6590000 1.6190387
0.6600000 1.4730856
0.6610000 0.5513772
0.6620000 0.2006009
0.6630000 -2.1382420
0.6640000 -2.4571784
0.6650000 -1.3903456
0.6660000 -1.4716595
0.6670000 -0.3363015
0.6680000 -1.9686675
0.6690000 -3.6650975
0.6700000 -1.4537042
0.6710000 -1.6380806
0.6720000 -0.1771615
0.6730000 -0.5950907
0.6740000 0.8904948
0.6750000 -0.9038888
0.6760000 2.0463252
0.6770000 -0.2526829
0.6780000 0.7139457
0.6790000 1.8089188
0.6800000 2.4747441
0.6810000 1.8264422
0.6820000 2.8935413
0.6830000 -0.2739065
0.6840000 0.2048945
0.6850000 -0.0600576
0.6860000 -0.8944507
0.6870000 0.1443741
0.6880000 0.0679388
0.6890000 -2.1144335
0.6900000 -1.1596160
0.6910000 -1.4391845
0.6920000 -2.2949979
0.6930000 -3.2335789
0.6940000 -1.6094975
0.6950000 -0.9620298
0.6960000 1.3580474
0.6970000 -2.8945854
0.6980000 -1.3823003
0.6990000 -2.8785906
0.7000000 0.6840220
0.7010000 0.5934262
0.7020000 1.3501251
0.7030000 2.4655614
0.7040000 3.2060153
0.7050000 2.5392802
0.7060000 0.9384674
0.7070000 1.5875516
0.7080000 1.7638876
0.7090000 2.7100208
0.7100000 0.9263665
0.7110000 1.2287682
0.7120000 1.2969602
0.7130000 -0.2409547
0.7140000 -0.8442414
0.7150000 -2.0092981
0.7160000 -1.8611728
0.7170000 -2.9859529
0.7180000 -1.3792526
0.7190000 -1.6660115
0.7200000 -0.4992331
0.7210000 -1.5323883
0.7220000 -2.0744886
0.7230000 -2.5949965
0.7240000 -0.0926233
0.7250000 2.1651978
0.7260000 0.3985596
0.7270000 1.4871378
0.7280000 2.2609084
0.7290000 2.3844900
0.7300000 3.0919743
0.7310000 0.5670484
0.7320000 3.3023272
0.7330000 2.8749168
0.7340000 2.5137141
0.7350000 1.4913080
0.7360000 -0.2579947
0.7370000 -1.0307603
0.7380000 1.3408010
0.7390000 -1.6026349
0.7400000 -0.4636061
0.7410000 -2.2450197
0.7420000 -1.6787089
0.7430000 -1.8981121
0.7440000 -1.7879691
0.7450000 -1.5950102
0.7460000 -2.3841109
0.7470000 -1.0317681
0.7480000 -1.1957722
0.7490000 0.7363376
0.7500000 0.9443558
0.7510000 0.1166783
0.7520000 1.2436509
0.7530000 2.8177550
0.7540000 0.7220569
0.7550000 2.6237569
0.7560000 3.4462304
0.7570000 4.1599493
0.7580000 2.5760958
0.7590000 0.4547445
0.7600000 1.0535109
0.7610000 -1.1438849
0.7620000 1.0208838
0.7630000 -1.4772389
0.7640000 -3.8486605
0.7650000 -3.1845417
0.7660000 -4.4255948
0.7670000 -1.6386064
0.7680000 -1.8288627
0.7690000 -1.2102331
0.7700000 -1.7438673
0.7710000 -0.7142155
0.7720000 -0.4948264
0.7730000 -0.8950189
0.7740000 -0.6525941
0.7750000 0.3675219
0.7760000 1.1555455
0.7770000 0.1191932
0.7780000 1.0829966
0.7790000 1.3360096
0.7800000 2.7765245
0.7810000 2.6375248
0.7820000 1.0639948
0.7830000 1.3708085
0.7840000 0.2514012
0.7850000 0.4815967
0.7860000 1.3835768
0.7870000 0.0191179
0.7880000 -1.4797579
0.7890000 0.0777365
0.7900000 -1.0951171
0.7910000 -2.2819390
0.7920000 -1.4816501
0.7930000 -1.4609013
0.7940000 -2.9431832
0.7950000 -2.8148429
0.7960000 -1.1046156
0.7970000 -0.1644153
0.7980000 -1.1406144
0.7990000 -0.6136428
0.8000000 0.2619632
0.8010000 -0.1355110
0.8020000 1.6603231
0.8030000 2.0603347
0.8040000 3.3418286
0.8050000 2.3743806
0.8060000 2.6026716
0.8070000 0.3724134
0.8080000 3.2290354
0.8090000 1.6035671
0.8100000 1.6564287
0.8110000 1.7812772
0.8120000 -0.1122333
0.8130000 -0.0000536
0.8140000 0.0569734
0.8150000 -0.9098568
0.8160000 -3.4097269
0.8170000 -2.0299332
0.8180000 -3.5092595
0.8190000 -2.8805685
0.8200000 -2.0633059
0.8210000 -0.0441373
0.8220000 0.0583058
0.8230000 -2.9215109
0.8240000 -0.0962874
0.8250000 0.4417984
0.8260000 0.9978616
0.8270000 1.3593199
0.8280000 1.0377498
0.8290000 2.2134609
0.8300000 1.1581538
0.8310000 1.7164146
0.8320000 5.0432644
0.8330000 0.8254035
0.8340000 1.7060030
0.8350000 -0.6552436
0.8360000 2.3420525
0.8370000 -0.0355749
0.8380000 -0.0327604
0.8390000 -0.0662378
0.8400000 -0.3819239
0.8410000 -3.5003691
0.8420000 -1.3749769
0.8430000 -3.0697050
0.8440000 -1.5306278
0.8450000 -2.4721422
0.8460000 -1.0361977
0.8470000 -1.6987233
0.8480000 -2.1774585
0.8490000 -1.8516725
0.8500000 0.7859259
0.8510000 0.9025251
0.8520000 1.0617555
0.8530000 -0.3276340
0.8540000 1.7928071
0.8550000 0.6976364
0.8560000 0.9998816
0.8570000 2.7804036
0.8580000 2.5153437
0.8590000 3.1075075
0.8600000 1.1948907
0.8610000 1.6090232
0.8620000 0.1817388
0.8630000 -2.2301872
0.8640000 -1.1560137
0.8650000 -2.2472708
0.8660000 -2.1239274
0.8670000 0.2523610
0.8680000 -0.3482374
0.8690000 -0.4716469
0.8700000 -1.7752409
0.8710000 -1.3231624
0.8720000 -0.0468312
0.8730000 -1.0028242
0.8740000 -2.0739992
0.8750000 0.8193819
0.8760000 0.4414459
0.8770000 0.4483910
0.8780000 2.8285351
0.8790000 3.0128610
0.8800000 1.9365392
0.8810000 2.0992517
0.8820000 0.8538538
0.8830000 3.1425898
0.8840000 1.0769308
0.8850000 2.3805964
0.8860000 0.6662654
0.8870000 0.9852730
0.8880000 -0.2266005
0.8890000 -1.4848348
0.8900000 0.3303690
0.8910000 -1.2136675
0.8920000 -2.9902596
0.8930000 -1.6080383
0.8940000 -1.2670443
0.8950000 0.8162690
0.8960000 -0.9004777
0.8970000 -2.2440715
0.8980000 -0.5608962
0.8990000 -0.1602275
0.9000000 -0.3828048
0.9010000 4.4309669
0.9020000 1.6419264
0.9030000 2.3032386
0.9040000 2.6537998
0.9050000 2.9600177
0.9060000 2.1578710
0.9070000 3.4879451
0.9080000 1.8875141
0.9090000 1.1857365
0.9100000 2.8889194
0.9110000 0.0605756
0.9120000 1.0942329
0.9130000 -1.1530701
0.9140000 -0.9039288
0.9150000 -2.3101614
0.9160000 -3.2685103
0.9170000 -0.6014834
0.9180000 -0.8451502
0.9190000 -3.1495078
0.9200000 -0.2094389
0.9210000 -1.3952744
0.9220000 -1.0254422
0.9230000 0.2759210
0.9240000 -0.2433478
0.9250000 0.2573658
0.9260000 -0.6059805
0.9270000 0.1806843
0.9280000 1.5197959
0.9290000 1.7938290
0.9300000 0.9891285
0.9310000 2.0980227
0.9320000 0.5815844
0.9330000 0.6028628
0.9340000 1.1360935
0.9350000 3.6393857
0.9360000 0.8180230
0.9370000 0.8417053
0.9380000 -2.1499088
0.9390000 -2.4088390
0.9400000 0.9120625
0.9410000 -0.9120387
0.9420000 0.6811029
0.9430000 -2.8460047
0.9440000 -2.1885090
0.9450000 -4.0541477
0.9460000 -0.9666120
0.9470000 -0.0919161
0.9480000 -1.9164910
0.9490000 -0.3526409
0.9500000 1.1520740
0.9510000 1.1595799
0.9520000 0.8600863
0.9530000 1.0453494
0.9540000 1.0541486
0.9550000 1.8064111
0.9560000 2.3672733
0.9570000 2.4026222
0.9580000 2.4684880
0.9590000 1.4247395
0.9600000 0.7281890
0.9610000 1.4010804
0.9620000 0.7248945
0.9630000 0.0428840
0.9640000 -1.2352778
0.9650000 -1.8532536
0.9660000 -1.8352554
0.9670000 -3.4803677
0.9680000 -1.1463768
0.9690000 -2.1885064
0.9700000 -2.2294788
0.9710000 -2.1109943
0.9720000 -2.6002936
0.9730000 -0.7523776
0.9740000 -0.9600229
0.9750000 0.5813389
0.9760000 -0.3970706
0.9770000 -0.6840939
0.9780000 1.4005260
0.9790000 2.1894019
0.9800000 2.4863608
0.9810000 1.0048233
0.9820000 1.1962723
0.9830000 0.9103894
0.9840000 2.7195153
0.9850000 2.1670041
0.9860000 0.6031833
0.9870000 1.4886694
0.9880000 0.6319913
0.9890000 0.9715600
0.9900000 -1.2102805
0.9910000 -0.0838764
0.9920000 -3.2112799
0.9930000 -1.6050124
0.9940000 -2.7202907
0.9950000 -1.6078821
0.9960000 -2.8007717
0.9970000 0.2131745
0.9980000 0.6351724
0.9990000 -0.7040430
