0.0000000 -0.7854967
0.0010000 0.0416486
0.0020000 0.2328831
0.0030000 1.7649841
0.0040000 0.7472719
0.0050000 1.1491715
0.0060000 1.1199111
0.0070000 1.8942546
0.0080000 0.8524848
0.0090000 -0.4146899
0.0100000 -0.3263803
0.0110000 0.7290461
0.0120000 -0.1615801
0.0130000 -0.3222236
0.0140000 1.2401041
0.0150000 -2.4324522
0.0160000 -0.9485371
0.0170000 0.5943324
0.0180000 -1.9571239
0.0190000 0.1509155
0.0200000 -0.5839284
0.0210000 -2.1043172
0.0220000 -1.7098483
0.0230000 -0.5888634
0.0240000 -0.4635013
0.0250000 -0.5257981
0.0260000 1.0143659
0.0270000 -0.6028270
0.0280000 -0.3530381
0.0290000 1.5309268
0.0300000 2.0353405
0.0310000 2.0747480
0.0320000 0.5666083
0.0330000 1.6028900
0.0340000 0.9042303
0.0350000 2.7235250
0.0360000 1.8882161
0.0370000 -0.4762905
0.0380000 1.3128625
0.0390000 -1.6613357
0.0400000 -1.5273677
0.0410000 -1.5661559
0.0420000 -1.6200323
0.0430000 -1.3483828
0.0440000 -0.7716010
0.0450000 -2.2532256
0.0460000 -0.0384755
0.0470000 -0.3541428
0.0480000 -0.8981012
0.0490000 -0.1633907
0.0500000 0.5866136
0.0510000 1.5722831
0.0520000 1.2017488
0.0530000 0.8471931
0.0540000 1.9624258
0.0550000 1.6357193
0.0560000 1.0275445
0.0570000 -0.5451235
0.0580000 1.9669496
0.0590000 -0.4206629
0.0600000 1.9155227
0.0610000 -0.2642119
0.0620000 -0.8228143
0.0630000 1.6668141
0.0640000 -2.2696030
0.0650000 -0.5508559
0.0660000 -0.6999347
0.0670000 0.1993705
0.0680000 -1.2308714
0.0690000 -1.1023532
0.0700000 -2.3005309
0.0710000 -0.7374079
0.0720000 -0.6110824
0.0730000 -1.9146650
0.0740000 -0.5052484
0.0750000 -1.4128219
0.0760000 -0.2054791
0.0770000 0.0742343
0.0780000 0.4285851
0.0790000 -0.0636057
0.0800000 1.1583850
0.0810000 2.3426573
0.0820000 -0.0224548
0.0830000 0.2047469
0.0840000 0.1021449
0.0850000 -0.8993406
0.0860000 0.4755313
0.0870000 0.3630981
0.0880000 1.8937582
0.0890000 0.3365225
0.0900000 -1.2067362
0.0910000 0.0400773
0.0920000 1.1165072
0.0930000 -1.6230602
0.0940000 -1.4971750
0.0950000 -2.1067913
0.0960000 -0.8110431
0.0970000 0.2615421
0.0980000 0.2636279
0.0990000 0.2926866
0.1000000 -1.0493001
0.1010000 -0.4830951
0.1020000 -1.2062194
0.1030000 -0.1533042
0.1040000 1.4229594
0.1050000 1.3922541
0.1060000 -0.5602545
0.1070000 0.0871078
0.1080000 0.1296762
0.1090000 0.0125407
0.1100000 2.2523894
0.1110000 1.5278741
0.1120000 -1.2250892
0.1130000 1.2620760
0.1140000 -1.2860236
0.1150000 -0.7169684
0.1160000 -0.4792373
0.1170000 -0.7723645
0.1180000 1.4506180
0.1190000 -2.0544267
0.1200000 1.0033512
0.1210000 -0.0899688
0.1220000 -0.7431647
0.1230000 1.5442100
0.1240000 0.3781075
0.1250000 1.1322358
0.1260000 0.9311090
0.1270000 -0.8538035
0.1280000 1.5725269
0.1290000 1.3242254
0.1300000 0.5069298
0.1310000 0.1638921
0.1320000 2.1469998
0.1330000 1.3558127
0.1340000 2.9414687
0.1350000 0.5571703
0.1360000 0.4317257
0.1370000 -0.5183524
0.1380000 -0.2688977
0.1390000 -0.9645462
0.1400000 0.9395532
0.1410000 -2.3397722
0.1420000 0.0553909
0.1430000 -2.2880864
0.1440000 -0.3645515
0.1450000 -0.5320848
0.1460000 -2.6609089
0.1470000 -1.3738039
0.1480000 -0.5466872
0.1490000 -1.4986165
0.1500000 -0.4872183
0.1510000 1.1211385
0.1520000 2.7187812
0.1530000 2.1360235
0.1540000 -0.1598881
0.1550000 -0.4664570
0.1560000 2.5302231
0.1570000 1.8302323
0.1580000 1.3152359
0.1590000 2.3433747
0.1600000 -0.7553189
0.1610000 -0.2875489
0.1620000 0.7119376
0.1630000 -1.2972584
0.1640000 -1.3169541
0.1650000 -0.8533334
0.1660000 -1.2948395
0.1670000 -0.2945637
0.1680000 -0.6248743
0.1690000 -0.7403476
0.1700000 -1.9905866
0.1710000 0.1212361
0.1720000 -2.4133933
0.1730000 -1.1583296
0.1740000 -0.8555853
0.1750000 0.4453047
0.1760000 1.3873345
0.1770000 0.5796975
0.1780000 -0.4696746
0.1790000 0.7943510
0.1800000 1.9788510
0.1810000 0.6657688
0.1820000 1.4425582
0.1830000 0.0995702
0.1840000 1.1536781
0.1850000 -1.0521002
0.1860000 0.0773033
0.1870000 -0.7541438
0.1880000 0.6136857
0.1890000 -0.9038561
0.1900000 -0.1069531
0.1910000 -0.3085223
0.1920000 -0.4178420
0.1930000 -0.6706482
0.1940000 -1.4192139
0.1950000 -0.2901658
0.1960000 -0.8023677
0.1970000 -1.0296725
0.1980000 0.1535660
0.1990000 -1.0485259
0.2000000 0.4553517
0.2010000 1.0601001
0.2020000 1.7733717
0.2030000 0.3758240
0.2040000 1.8208754
0.2050000 0.7815854
0.2060000 0.4551746
0.2070000 1.1880215
0.2080000 1.6963785
0.2090000 -0.2174114
0.2100000 0.0870141
0.2110000 1.0576202
0.2120000 0.6247545
0.2130000 0.0564340
0.2140000 -0.7427456
0.2150000 0.8145056
0.2160000 -1.5419816
0.2170000 -1.6947711
0.2180000 -1.3422266
0.2190000 -1.2559135
0.2200000 -1.5577551
0.2210000 -1.3710394
0.2220000 0.5168784
0.2230000 1.1017231
0.2240000 -0.2385505
0.2250000 -1.8144155
0.2260000 2.3729894
0.2270000 0.1871487
0.2280000 0.8952847
0.2290000 -0.6062726
0.2300000 1.6131051
0.2310000 0.6400481
0.2320000 1.3750997
0.2330000 2.2852519
0.2340000 0.4809748
0.2350000 0.5197325
0.2360000 0.6600236
0.2370000 1.1388650
0.2380000 2.1333740
0.2390000 -0.3597244
0.2400000 -0.7786533
0.2410000 -2.1993136
0.2420000 1.0138911
0.2430000 -0.4127662
0.2440000 -2.6605806
0.2450000 -1.0808523
0.2460000 -1.2038413
0.2470000 -1.2702594
0.2480000 1.1360098
0.2490000 -1.9017500
0.2500000 -2.5573742
0.2510000 2.2834079
0.2520000 1.4235474
0.2530000 3.4243495
0.2540000 2.5686598
0.2550000 -1.1258709
0.2560000 2.0151136
0.2570000 1.9903315
0.2580000 0.6142148
0.2590000 0.5472924
0.2600000 -0.3944985
0.2610000 -0.0252764
0.2620000 -0.1775770
0.2630000 0.5672161
0.2640000 -0.5186477
0.2650000 0.8745780
0.2660000 -0.2051779
0.2670000 -1.9922183
0.2680000 -1.3804258
0.2690000 0.7882783
0.2700000 -1.0981349
0.2710000 -1.2827183
0.2720000 -1.9365121
0.2730000 0.4586768
0.2740000 1.3241947
0.2750000 -0.6220802
0.2760000 0.0787838
0.2770000 -0.5959454
0.2780000 0.3190213
0.2790000 -1.3833394
0.2800000 1.6047897
0.2810000 1.3298197
0.2820000 0.4599191
0.2830000 0.8488512
0.2840000 0.8651455
0.2850000 0.9983049
0.2860000 2.0019872
0.2870000 -0.4005011
0.2880000 -1.1749837
0.2890000 -1.4458470
0.2900000 -0.0865942
0.2910000 -1.1209222
0.2920000 -2.5558305
0.2930000 -0.1999159
0.2940000 0.2380274
0.2950000 -1.9114435
0.2960000 -0.4727066
0.2970000 -1.1301295
0.2980000 0.0955014
0.2990000 -0.0295271
0.3000000 0.4984841
0.3010000 2.3251960
0.3020000 -0.8914841
0.3030000 0.2097828
0.3040000 0.5303714
0.3050000 0.5072429
0.3060000 0.4975027
0.3070000 0.7081916
0.3080000 -0.8787192
0.3090000 3.1781220
0.3100000 0.1950020
0.3110000 1.0411718
0.3120000 1.1637652
0.3130000 -0.4445297
0.3140000 0.7618755
0.3150000 1.0265867
0.3160000 -0.1847829
0.3170000 -2.9331019
0.3180000 -0.8262740
0.3190000 -0.9832035
0.3200000 -0.6524533
0.3210000 -1.2934142
0.3220000 -0.4628015
0.3230000 0.2321851
0.3240000 0.6939862
0.3250000 -0.8023018
0.3260000 1.0357587
0.3270000 -0.1269587
0.3280000 -1.5026736
0.3290000 -0.3040368
0.3300000 1.2627796
0.3310000 1.1055067
0.3320000 1.6885189
0.3330000 1.3131921
0.3340000 0.2971603
0.3350000 1.3643621
0.3360000 1.1431680
0.3370000 -0.0551669
0.3380000 0.6968396
0.3390000 -0.9585404
0.3400000 0.4749732
0.3410000 -0.6423273
0.3420000 -1.1745628
0.3430000 0.5059670
0.3440000 -0.2963870
0.3450000 -1.3269767
0.3460000 0.6657773
0.3470000 -0.6184494
0.3480000 -1.8826212
0.3490000 -0.5865231
0.3500000 0.6554376
0.3510000 0.9315187
0.3520000 1.0316020
0.3530000 0.2174596
0.3540000 -0.4580520
0.3550000 0.6650526
0.3560000 1.3823590
0.3570000 1.0428348
0.3580000 1.8552090
0.3590000 -0.3704442
0.3600000 1.4896986
0.3610000 1.2700831
0.3620000 1.3008087
0.3630000 -1.1842601
0.3640000 -0.5470896
0.3650000 -0.6458310
0.3660000 -0.7556054
0.3670000 -1.1538379
0.3680000 0.2537985
0.3690000 -1.0320665
0.3700000 -1.2674843
0.3710000 0.2369575
0.3720000 -0.2177573
0.3730000 -1.2627904
0.3740000 -0.7091963
0.3750000 -0.0545025
0.3760000 -0.2315566
0.3770000 0.8781834
0.3780000 0.1543474
0.3790000 1.9564232
0.3800000 0.1605939
0.3810000 0.5316644
0.3820000 -0.1156919
0.3830000 1.6567547
0.3840000 1.1140436
0.3850000 -1.1208757
0.3860000 -1.3662970
0.3870000 0.1244378
0.3880000 -0.1286802
0.3890000 -2.0263848
0.3900000 -0.7915817
0.3910000 -0.5318648
0.3920000 -2.5829537
0.3930000 -1.6843292
0.3940000 -0.5000964
0.3950000 -2.2089458
0.3960000 -0.5274602
0.3970000 0.0953532
0.3980000 -1.0603210
0.3990000 0.0833818
0.4000000 -0.2665092
0.4010000 1.0355518
0.4020000 1.3511008
0.4030000 -1.6159005
0.4040000 1.7147861
0.4050000 -1.4213465
0.4060000 0.7912442
0.4070000 -0.1414859
0.4080000 0.3624514
0.4090000 -0.4187496
0.4100000 0.2641042
0.4110000 0.7250956
0.4120000 0.1610589
0.4130000 0.9446054
0.4140000 -1.0760454
0.4150000 -0.2035520
0.4160000 -0.4797160
0.4170000 -0.7576426
0.4180000 -2.1908844
0.4190000 -0.9099793
0.4200000 -1.5996153
0.4210000 0.2377122
0.4220000 -0.9687276
0.4230000 1.1945153
0.4240000 -0.7821460
0.4250000 -2.0363774
0.4260000 -1.3209926
0.4270000 0.2525522
0.4280000 1.0942435
0.4290000 1.4310282
0.4300000 1.4220700
0.4310000 -0.1734959
0.4320000 0.6208299
0.4330000 0.3707412
0.4340000 1.8088855
0.4350000 1.0988168
0.4360000 -0.9686990
0.4370000 -0.6356726
0.4380000 -0.2400528
0.4390000 -0.2178394
0.4400000 -0.3181118
0.4410000 0.0541464
0.4420000 0.0898204
0.4430000 -0.5527719
0.4440000 -0.7654003
0.4450000 -0.7926548
0.4460000 -1.7346896
0.4470000 -1.1896523
0.4480000 0.3999341
0.4490000 1.3901503
0.4500000 -0.4650258
0.4510000 0.6310709
0.4520000 1.5600579
0.4530000 -0.3979443
0.4540000 1.4499218
0.4550000 2.6008699
0.4560000 0.4762231
0.4570000 1.5716594
0.4580000 -0.1834988
0.4590000 1.6898378
0.4600000 0.1444220
0.4610000 0.0153441
0.4620000 -0.6113740
0.4630000 -1.0564235
0.4640000 -0.1059199
0.4650000 -0.4516274
0.4660000 -0.1939085
0.4670000 -2.0598459
0.4680000 -0.0323381
0.4690000 -0.4947330
0.4700000 0.5295371
0.4710000 -0.0195787
0.4720000 -0.6592411
0.4730000 -0.6604166
0.4740000 -0.6033189
0.4750000 -0.4008334
0.4760000 1.6694491
0.4770000 0.3699721
0.4780000 1.2594066
0.4790000 -0.7947066
0.4800000 1.8122231
0.4810000 1.2346863
0.4820000 2.6801467
0.4830000 -0.8528729
0.4840000 2.4004340
0.4850000 -0.3530545
0.4860000 1.3983375
0.4870000 -0.6637305
0.4880000 0.2358648
0.4890000 -1.2302941
0.4900000 -0.1963337
0.4910000 0.7332044
0.4920000 -1.8033361
0.4930000 -1.6728144
0.4940000 -2.8461721
0.4950000 -0.1380827
0.4960000 -1.1839327
0.4970000 -1.7447993
0.4980000 -0.7817266
0.4990000 1.2877440
0.5000000 -1.4275130
0.5010000 -0.3965742
0.5020000 1.9181547
0.5030000 0.6694166
0.5040000 -0.0536754
0.5050000 1.5456934
0.5060000 0.7414762
0.5070000 -0.3724212
0.5080000 0.1854061
0.5090000 -0.1174658
0.5100000 1.4840693
0.5110000 -1.8672243
0.5120000 0.4654773
0.5130000 -0.3242274
0.5140000 0.1801342
0.5150000 0.3687392
0.5160000 -1.8009681
0.5170000 -1.5331054
0.5180000 -1.5131398
0.5190000 -1.1499288
0.5200000 -1.1907979
0.5210000 -1.2662919
0.5220000 -1.3290151
0.5230000 -0.5305415
0.5240000 -1.3969420
0.5250000 -1.1611577
0.5260000 1.1014700
0.5270000 1.4190056
0.5280000 -0.4784058
0.5290000 -0.1263053
0.5300000 -0.1916575
0.5310000 -0.0257671
0.5320000 -0.2574067
0.5330000 1.6612709
0.5340000 1.0454144
0.5350000 -1.0819461
0.5360000 1.5805022
0.5370000 0.0794863
0.5380000 1.2204396
0.5390000 -1.6866157
0.5400000 1.0925595
0.5410000 1.1876861
0.5420000 -0.3419820
0.5430000 -0.6415045
0.5440000 -1.6536500
0.5450000 -1.9928944
0.5460000 1.3338752
0.5470000 0.9721728
0.5480000 -1.3275770
0.5490000 0.1437213
0.5500000 -1.2024443
0.5510000 -1.9279765
0.5520000 -0.4894585
0.5530000 0.1212695
0.5540000 0.4848649
0.5550000 3.7170241
0.5560000 1.4221183
0.5570000 0.7800431
0.5580000 2.3373890
0.5590000 0.9230738
0.5600000 0.8421420
0.5610000 -0.2534071
0.5620000 -0.5878047
0.5630000 -0.7789071
0.5640000 -0.6451771
0.5650000 -1.7743043
0.5660000 -2.1294568
0.5670000 -0.4613862
0.5680000 -2.2465656
0.5690000 -0.3490509
0.5700000 -1.4772180
0.5710000 -0.8587908
0.5720000 0.4999808
0.5730000 -0.4938603
0.5740000 -0.7104073
0.5750000 0.0008915
0.5760000 1.4314470
0.5770000 1.7495255
0.5780000 1.6608849
0.5790000 1.7717923
0.5800000 1.8444843
0.5810000 0.1649557
0.5820000 1.4670330
0.5830000 -0.8686862
0.5840000 1.1190920
0.5850000 0.0744103
0.5860000 -1.1166725
0.5870000 -0.2027123
0.5880000 -0.5018695
0.5890000 0.5033867
0.5900000 -1.4858097
0.5910000 0.4859816
0.5920000 -2.1658564
0.5930000 -2.0506010
0.5940000 -2.4877589
0.5950000 -2.8149216
0.5960000 -1.2492448
0.5970000 0.6293972
0.5980000 0.7618376
0.5990000 -0.6960863
0.6000000 0.8495541
0.6010000 -1.4627846
0.6020000 2.0113785
0.6030000 -0.2958335
0.6040000 1.0476891
0.6050000 0.3866325
0.6060000 -0.4426845
0.6070000 0.2096925
0.6080000 1.4566277
0.6090000 0.0170956
0.6100000 -0.7576153
0.6110000 -0.0420068
0.6120000 -0.1972272
0.6130000 -1.4532479
0.6140000 0.2240776
0.6150000 -0.2232756
0.6160000 -0.7437271
0.6170000 -1.9185312
0.6180000 0.4613038
0.6190000 -1.0267409
0.6200000 0.9112957
0.6210000 -0.7181587
0.6220000 -0.5102786
0.6230000 0.6004859
0.6240000 -0.8727234
0.6250000 1.1349425
0.6260000 0.9548830
0.6270000 0.6026983
0.6280000 0.7730924
0.6290000 1.6420587
0.6300000 0.7220050
0.6310000 0.6201836
0.6320000 3.6379721
0.6330000 2.3662431
0.6340000 0.2720409
0.6350000 -0.1428861
0.6360000 0.0810408
0.6370000 1.2851115
0.6380000 -1.3662380
0.6390000 -0.5949489
0.6400000 0.7727057
0.6410000 -0.1211917
0.6420000 -0.1674222
0.6430000 -1.4180448
0.6440000 -0.1459600
0.6450000 -2.9504967
0.6460000 -1.2193441
0.6470000 -0.9209744
0.6480000 -1.2316285
0.6490000 1.0474790
0.6500000 -0.9248226
0.6510000 -1.1264144
0.6520000 0.3956341
0.6530000 0.3317994
0.6540000 0.7661935
0.6550000 0.9981797
0.6560000 0.8181189
0.6570000 0.3020270
0.6580000 1.1561112
0.6590000 0.0604362
0.6600000 -1.1827759
0.6610000 1.5661409
0.6620000 -0.8992474
0.6630000 -0.7982495
0.6640000 -2.0411785
0.6650000 -0.0747425
0.6660000 -1.4418461
0.6670000 -1.0202415
0.6680000 -0.6644576
0.6690000 -0.1269197
0.6700000 -2.2434545
0.6710000 0.2938865
0.6720000 -0.5248061
0.6730000 -0.7390825
0.6740000 0.1886060
0.6750000 -0.4024543
0.6760000 0.2400133
0.6770000 0.5280674
0.6780000 -0.1255222
0.6790000 0.7293903
0.6800000 0.6606846
0.6810000 1.1265200
0.6820000 0.3995032
0.6830000 2.6317632
0.6840000 -0.3260005
0.6850000 0.0470387
0.6860000 -0.0061576
0.6870000 0.8861721
0.6880000 0.6416237
0.6890000 0.4177881
0.6900000 0.0610754
0.6910000 -1.6969204
0.6920000 0.8109209
0.6930000 -2.3479888
0.6940000 -0.2077134
0.6950000 -1.6191002
0.6960000 -1.8850640
0.6970000 -1.8959645
0.6980000 0.7116836
0.6990000 -0.0437703
0.7000000 0.7002213
0.7010000 2.7067704
0.7020000 -1.5189471
0.7030000 -1.7264265
0.7040000 0.0671035
0.7050000 0.3815794
0.7060000 -0.1426971
0.7070000 0.3597039
0.7080000 0.9136678
0.7090000 0.9814388
0.7100000 1.6058817
0.7110000 -1.4258916
0.7120000 0.2669722
0.7130000 0.1328437
0.7140000 -1.5395533
0.7150000 0.2211208
0.7160000 -0.9031117
0.7170000 -0.2348304
0.7180000 -1.8340145
0.7190000 -0.7683376
0.7200000 -0.0726771
0.7210000 -0.6720504
0.7220000 -0.4748852
0.7230000 -1.4438561
0.7240000 0.8730471
0.7250000 0.1473353
0.7260000 0.0406486
0.7270000 -0.7723715
0.7280000 3.0129688
0.7290000 0.8733912
0.7300000 1.9790825
0.7310000 2.8787267
0.7320000 0.3660647
0.7330000 1.6999087
0.7340000 0.4986287
0.7350000 0.1662304
0.7360000 2.0081074
0.7370000 1.1499189
0.7380000 0.5807782
0.7390000 0.5784670
0.7400000 -0.8434919
0.7410000 -1.0386208
0.7420000 -1.4906068
0.7430000 0.3582346
0.7440000 -2.0687628
0.7450000 -1.8026999
0.7460000 -1.9776571
0.7470000 0.5191848
0.7480000 -1.0426364
0.7490000 -1.3268176
0.7500000 0.3558285
0.7510000 0.0831145
0.7520000 -0.1217811
0.7530000 -0.0645136
0.7540000 1.5968550
0.7550000 0.4299181
0.7560000 1.4082205
0.7570000 0.3428555
0.7580000 1.1936277
0.7590000 -0.0702476
0.7600000 1.7387196
0.7610000 -0.3957121
0.7620000 -0.5895423
0.7630000 -1.6550961
0.7640000 -0.0725487
0.7650000 -1.1413164
0.7660000 0.4077666
0.7670000 -1.7458680
0.7680000 -0.9447642
0.7690000 -0.4197019
0.7700000 0.0612869
0.7710000 -1.1893785
0.7720000 -0.1564875
0.7730000 -1.7747959
0.7740000 1.6915165
0.7750000 -0.8610818
0.7760000 0.4075606
0.7770000 1.3945510
0.7780000 1.0306110
0.7790000 0.2164316
0.7800000 1.5636245
0.7810000 1.1749340
0.7820000 1.9361556
0.7830000 -1.0759664
0.7840000 -1.4978412
0.7850000 0.3985817
0.7860000 -0.2124953
0.7870000 -0.2896035
0.7880000 -2.5847545
0.7890000 0.7428001
0.7900000 -0.5517078
0.7910000 -0.8499845
0.7920000 0.6346662
0.7930000 -1.7448758
0.7940000 -1.2459531
0.7950000 -0.9984378
0.7960000 -0.9545203
0.7970000 -0.4605922
0.7980000 -0.3072810
0.7990000 -2.1693580
0.8000000 -0.7033959
0.8010000 -1.1411533
0.8020000 0.0909471
0.8030000 0.5984069
0.8040000 1.1267047
0.8050000 0.5313220
0.8060000 -0.7166253
0.8070000 0.5534802
0.8080000 -0.9171363
0.8090000 0.6401042
0.8100000 0.0413406
0.8110000 -0.4420841
0.8120000 -0.0396376
0.8130000 1.0897702
0.8140000 0.2034120
0.8150000 -0.9060922
0.8160000 -1.6754047
0.8170000 -0.8522908
0.8180000 -0.5755027
0.8190000 -1.6982245
0.8200000 -2.3573461
0.8210000 -0.3378670
0.8220000 -0.9882766
0.8230000 -0.4021770
0.8240000 -1.6776845
0.8250000 -0.4604970
0.8260000 -0.2763486
0.8270000 -0.5907296
0.8280000 0.3291841
0.8290000 -0.6363557
0.8300000 0.1691328
0.8310000 1.3443229
0.8320000 0.8040775
0.8330000 0.9743300
0.8340000 -0.9403545
0.8350000 -0.0041099
0.8360000 0.1125667
0.8370000 -0.7369444
0.8380000 1.0783744
0.8390000 -1.6513890
0.8400000 -1.3528723
0.8410000 -0.6357530
0.8420000 -1.0186456
0.8430000 -2.8194718
0.8440000 -0.3082543
0.8450000 0.8302562
0.8460000 -0.3797669
0.8470000 -0.9391154
0.8480000 0.0525015
0.8490000 -0.1654670
0.8500000 0.6705840
0.8510000 1.7433982
0.8520000 -1.6216458
0.8530000 0.6676009
0.8540000 1.4797757
0.8550000 0.2968764
0.8560000 -0.0388554
0.8570000 2.4103858
0.8580000 1.2351052
0.8590000 -0.2864979
0.8600000 2.1052933
0.8610000 1.6342198
0.8620000 -1.7657448
0.8630000 0.1750123
0.8640000 0.8985957
0.8650000 -1.4857630
0.8660000 -0.7505658
0.8670000 -1.4496413
0.8680000 -0.7438281
0.8690000 -3.1123216
0.8700000 -0.4079390
0.8710000 -0.4508793
0.8720000 0.3881867
0.8730000 -1.0285472
0.8740000 -1.0599629
0.8750000 -1.0854001
0.8760000 1.8502417
0.8770000 1.4769098
0.8780000 1.2558303
0.8790000 1.1077595
0.8800000 1.0554110
0.8810000 -0.4492029
0.8820000 0.3563803
0.8830000 0.9581866
0.8840000 0.5391636
0.8850000 -2.5119436
0.8860000 -0.8325350
0.8870000 0.7202278
0.8880000 1.7474694
0.8890000 0.7921851
0.8900000 -0.8116021
0.8910000 -1.1000426
0.8920000 0.6829025
0.8930000 -0.4410191
0.8940000 -1.4602064
0.8950000 -1.0269924
0.8960000 -3.0343974
0.8970000 -0.2885678
0.8980000 -0.3716478
0.8990000 -0.4082401
0.9000000 0.7560132
0.9010000 -0.2331365
0.9020000 1.2012748
0.9030000 0.5802225
0.9040000 0.8266125
0.9050000 0.9818400
0.9060000 0.5412951
0.9070000 -0.1497821
0.9080000 0.6761127
0.9090000 -1.0505700
0.9100000 -1.1208931
0.9110000 1.2831668
0.9120000 -0.1751413
0.9130000 2.3010056
0.9140000 -1.4186679
0.9150000 0.4209762
0.9160000 -1.6168962
0.9170000 -2.8896873
0.9180000 -1.8946221
0.9190000 -1.5466632
0.9200000 -1.2123468
0.9210000 -0.8885942
0.9220000 -1.2196555
0.9230000 0.1588747
0.9240000 0.1698111
0.9250000 -1.4521841
0.9260000 0.8878658
0.9270000 -0.6503756
0.9280000 -0.8810936
0.9290000 0.8837351
0.9300000 0.0482516
0.9310000 0.7290005
0.9320000 -1.2663118
0.9330000 0.6912763
0.9340000 0.6332578
0.9350000 -0.0748358
0.9360000 0.9711541
0.9370000 -0.1472317
0.9380000 1.2215018
0.9390000 -0.9514822
0.9400000 -0.6265404
0.9410000 -1.6442605
0.9420000 0.2008649
0.9430000 -1.6590422
0.9440000 -2.2534268
0.9450000 -2.3767619
0.9460000 0.5659369
0.9470000 -1.1194787
0.9480000 0.4915908
0.9490000 1.0982150
0.9500000 0.0387570
0.9510000 -1.1310272
0.9520000 -0.2114584
0.9530000 1.7361917
0.9540000 -0.2915342
0.9550000 -0.0840924
0.9560000 1.8866949
0.9570000 1.3964173
0.9580000 0.9337078
0.9590000 2.4647799
0.9600000 0.8932868
0.9610000 0.3746232
0.9620000 -0.3218493
0.9630000 1.5182908
0.9640000 -0.7663915
0.9650000 0.2550900
0.9660000 -1.0604451
0.9670000 -1.3897158
0.9680000 -0.1136400
0.9690000 0.2284532
0.9700000 -1.4746783
0.9710000 -1.1582096
0.9720000 0.2087517
0.9730000 -0.2328491
0.9740000 0.7441298
0.9750000 0.7099161
0.9760000 0.0927596
0.9770000 0.6545014
0.9780000 1.5527997
0.9790000 1.5672961
0.9800000 -0.5373840
0.9810000 0.4048245
0.9820000 2.5806229
0.9830000 2.5511189
0.9840000 1.1767727
0.9850000 1.8541050
0.9860000 -0.0467241
0.9870000 -0.8741707
0.9880000 -0.5355062
0.9890000 -0.1449786
0.9900000 -2.0875688
0.9910000 -0.6216419
0.9920000 -1.1873637
0.9930000 -2.0372491
0.9940000 -1.1284142
0.9950000 -0.4590195
0.9960000 -1.6066322
0.9970000 -1.7733047
0.9980000 -0.1284409
0.9990000 1.3115585
