0.0000000 -0.0684464
0.0010000 0.1168107
0.0020000 1.2326339
0.0030000 2.2016528
0.0040000 1.6759715
0.0050000 2.9707656
0.0060000 0.4852752
0.0070000 0.7698641
0.0080000 0.2990544
0.0090000 0.2623526
0.0100000 -2.4752030
0.0110000 -2.9685507
0.0120000 -1.8668522
0.0130000 -2.8538909
0.0140000 -1.2938535
0.0150000 -0.7832958
0.0160000 0.1356049
0.0170000 -1.0792614
0.0180000 1.5232655
0.0190000 1.6112963
0.0200000 -0.1826093
0.0210000 0.9139556
0.0220000 2.9008150
0.0230000 4.2265930
0.0240000 0.8675921
0.0250000 0.3947828
0.0260000 -1.3816972
0.0270000 -2.8169551
0.0280000 -1.2603498
0.0290000 -1.9202834
0.0300000 -0.7883337
0.0310000 -1.0475101
0.0320000 -2.0997443
0.0330000 -0.5086384
0.0340000 -0.1818510
0.0350000 2.4391663
0.0360000 1.1345785
0.0370000 1.8232536
0.0380000 3.0067849
0.0390000 1.0241069
0.0400000 2.2628853
0.0410000 -0.0164713
0.0420000 1.8659593
0.0430000 -0.0136715
0.0440000 -2.7898173
0.0450000 -0.6930275
0.0460000 -0.1369380
0.0470000 -2.2185631
0.0480000 -0.8463998
0.0490000 -1.5754220
0.0500000 0.2893229
0.0510000 -0.3826434
0.0520000 1.1169937
0.0530000 2.8122015
0.0540000 4.0399957
0.0550000 0.6745886
0.0560000 2.0479047
0.0570000 2.0919702
0.0580000 -0.5126653
0.0590000 0.2050602
0.0600000 -1.7779925
0.0610000 -1.5160128
0.0620000 -3.2021625
0.0630000 -3.8245807
0.0640000 -0.1798859
0.0650000 -2.0351672
0.0660000 -1.2224393
0.0670000 -0.4404607
0.0680000 -0.7112843
0.0690000 2.8313930
0.0700000 0.5325066
0.0710000 3.5034811
0.0720000 3.3286173
0.0730000 2.5194504
0.0740000 1.9099799
0.0750000 -0.2861057
0.0760000 -2.0656431
0.0770000 -1.2146058
0.0780000 -2.9916272
0.0790000 -2.3911667
0.0800000 -0.6254999
0.0810000 -0.4742469
0.0820000 -2.0414107
0.0830000 -2.2962613
0.0840000 1.1653008
0.0850000 1.9615823
0.0860000 2.4460516
0.0870000 2.6788089
0.0880000 2.3843901
0.0890000 1.5649804
0.0900000 0.7553666
0.0910000 1.4031773
0.0920000 0.6949211
0.0930000 -0.5821720
0.0940000 -2.0468018
0.0950000 -0.8921394
0.0960000 -1.9165502
0.0970000 -2.0406461
0.0980000 -1.3251928
0.0990000 1.0881307
0.1000000 1.1445420
0.1010000 0.7892361
0.1020000 0.7252096
0.1030000 3.7254493
0.1040000 0.7456437
0.1050000 1.4101355
0.1060000 1.1546763
0.1070000 1.4833981
0.1080000 -0.2900212
0.1090000 0.1126253
0.1100000 -1.8245186
0.1110000 -1.2528313
0.1120000 -1.8024309
0.1130000 -1.2694399
0.1140000 1.6055028
0.1150000 0.5915030
0.1160000 -0.2772734
0.1170000 0.8914023
0.1180000 0.7167768
0.1190000 2.8119388
0.1200000 0.8649988
0.1210000 2.2975881
0.1220000 2.5850580
0.1230000 1.5860904
0.1240000 2.0237277
0.1250000 -0.0513864
0.1260000 -0.4668660
0.1270000 -2.5033453
0.1280000 -1.2505339
0.1290000 -3.1441956
0.1300000 -2.2791212
0.1310000 -2.7027354
0.1320000 0.4890584
0.1330000 1.2806348
0.1340000 -0.0937854
0.1350000 -0.0030966
0.1360000 0.1766485
0.1370000 2.6289749
0.1380000 0.2458804
0.1390000 0.1634973
0.1400000 -0.0317464
0.1410000 0.9782290
0.1420000 -0.8541878
0.1430000 -0.0087059
0.1440000 -1.1994535
0.1450000 0.9438450
0.1460000 -2.7772024
0.1470000 -1.1437242
0.1480000 0.1221345
0.1490000 -1.1562430
0.1500000 1.5537823
0.1510000 2.1142571
0.1520000 2.8493912
0.1530000 3.9242003
0.1540000 1.6419860
0.1550000 2.3381760
0.1560000 0.8710994
0.1570000 -1.0493218
0.1580000 0.2890443
0.1590000 -1.4323822
0.1600000 -2.2506673
0.1610000 -1.2112960
0.1620000 -0.3806439
0.1630000 -1.7368040
0.1640000 -2.6706226
0.1650000 0.2568198
0.1660000 -0.4158067
0.1670000 1.5246437
0.1680000 0.0650029
0.1690000 0.8411061
0.1700000 1.9493450
0.1710000 3.3538985
0.1720000 0.0337788
0.1730000 1.7718345
0.1740000 0.2979476
0.1750000 0.5043623
0.1760000 -0.5169921
0.1770000 -0.6435049
0.1780000 -1.1780015
0.1790000 -3.0275562
0.1800000 -1.1004044
0.1810000 0.0327312
0.1820000 0.2385152
0.1830000 -0.7539970
0.1840000 0.3955523
0.1850000 2.0525756
0.1860000 2.6670232
0.1870000 2.8318284
0.1880000 0.6322340
0.1890000 0.4985135
0.1900000 1.0190809
0.1910000 1.6351014
0.1920000 -1.4925399
0.1930000 0.2776800
0.1940000 -2.0414114
0.1950000 -1.8345053
0.1960000 -2.6789188
0.1970000 -2.3957744
0.1980000 -0.9075368
0.1990000 -0.3018269
0.2000000 0.4487710
0.2010000 -1.9010179
0.2020000 1.2491980
0.2030000 1.2584255
0.2040000 0.4722129
0.2050000 1.2202543
0.2060000 1.9382259
0.2070000 1.0575751
0.2080000 0.3492535
0.2090000 -1.6553586
0.2100000 -3.1293797
0.2110000 0.5830436
0.2120000 -1.4537002
0.2130000 -1.6186311
0.2140000 -2.2853904
0.2150000 0.0969761
0.2160000 -0.1032028
0.2170000 1.6000473
0.2180000 2.5336366
0.2190000 1.7520332
0.2200000 1.8967164
0.2210000 0.7840717
0.2220000 1.5090083
0.2230000 -0.3140788
0.2240000 1.1924648
0.2250000 0.3025893
0.2260000 -2.2049198
0.2270000 -0.7165167
0.2280000 -1.6868455
0.2290000 -1.6927232
0.2300000 -2.1202192
0.2310000 -1.5094413
0.2320000 -1.5658345
0.2330000 -1.0570934
0.2340000 0.4486864
0.2350000 2.3638582
0.2360000 2.3384058
0.2370000 0.8983098
0.2380000 1.6099683
0.2390000 3.2287006
0.2400000 2.1211867
0.2410000 -0.6266966
0.2420000 0.7955792
0.2430000 -1.5330979
0.2440000 1.0643640
0.2450000 -2.9524121
0.2460000 -2.0507956
0.2470000 -1.6092777
0.2480000 -1.4189162
0.2490000 -0.0944757
0.2500000 -0.4719402
0.2510000 0.6822432
0.2520000 0.1268412
0.2530000 3.5735278
0.2540000 1.4847883
0.2550000 1.9295193
0.2560000 0.8245751
0.2570000 2.3487692
0.2580000 0.2045817
0.2590000 -3.0064549
0.2600000 -1.4706104
0.2610000 -0.7002830
0.2620000 -2.2636256
0.2630000 -2.2497804
0.2640000 -2.6572876
0.2650000 -0.4654618
0.2660000 -1.0875324
0.2670000 0.0275540
0.2680000 -0.3327908
0.2690000 2.4357445
0.2700000 0.8546888
0.2710000 1.4697062
0.2720000 3.9594538
0.2730000 -0.7947180
0.2740000 1.2453449
0.2750000 -1.7503897
0.2760000 -1.3026466
0.2770000 -2.2628343
0.2780000 -2.9070790
0.2790000 -1.0488282
0.2800000 -3.2821581
0.2810000 -2.5595624
0.2820000 -2.3451595
0.2830000 -0.4657020
0.2840000 0.5618106
0.2850000 2.6657064
0.2860000 2.0193937
0.2870000 2.1371760
0.2880000 2.7314663
0.2890000 1.6480089
0.2900000 0.7801301
0.2910000 -0.2588369
0.2920000 -0.4363790
0.2930000 -1.2655190
0.2940000 0.3344315
0.2950000 -2.0172234
0.2960000 -1.1705565
0.2970000 -0.4278699
0.2980000 -2.4118872
0.2990000 0.2017873
0.3000000 0.3921065
0.3010000 2.5611916
0.3020000 0.6694806
0.3030000 1.0674505
0.3040000 0.7126787
0.3050000 0.5520275
0.3060000 1.1055453
0.3070000 0.5134786
0.3080000 0.9768978
0.3090000 -0.9656449
0.3100000 -2.0449240
0.3110000 -2.3277683
0.3120000 -2.1753521
0.3130000 -0.1436459
0.3140000 -3.1762052
0.3150000 -0.4034998
0.3160000 -0.2057002
0.3170000 0.0481183
0.3180000 0.4675345
0.3190000 3.3506622
0.3200000 1.8677911
0.3210000 2.2793052
0.3220000 0.3497090
0.3230000 0.5282477
0.3240000 1.7878001
0.3250000 0.0505031
0.3260000 -1.1742245
0.3270000 -1.2039957
0.3280000 -1.3929331
0.3290000 -2.1299679
0.3300000 -1.7187372
0.3310000 -1.7609550
0.3320000 -0.5824789
0.3330000 -1.3024136
0.3340000 0.3490207
0.3350000 1.9546474
0.3360000 3.3218038
0.3370000 4.1024799
0.3380000 0.3344952
0.3390000 1.0627328
0.3400000 1.7235310
0.3410000 2.1658351
0.3420000 0.5752012
0.3430000 -0.8975968
0.3440000 -3.0464787
0.3450000 -1.9232700
0.3460000 -2.2227650
0.3470000 -2.2502048
0.3480000 -1.3750091
0.3490000 0.3625736
0.3500000 2.0013578
0.3510000 0.5315732
0.3520000 2.3820255
0.3530000 1.4953864
0.3540000 1.9783106
0.3550000 1.1950057
0.3560000 1.6797318
0.3570000 1.1542016
0.3580000 0.9100616
0.3590000 -0.5975907
0.3600000 -1.0208669
0.3610000 -2.9419148
0.3620000 -0.4466942
0.3630000 -1.6062438
0.3640000 -1.1894269
0.3650000 -0.4184252
0.3660000 -0.6560009
0.3670000 -0.6178123
0.3680000 0.3574973
0.3690000 2.0673864
0.3700000 1.2160670
0.3710000 0.9339190
0.3720000 2.2809711
0.3730000 2.0270770
0.3740000 1.4034755
0.3750000 0.0942216
0.3760000 -1.5787895
0.3770000 0.4501964
0.3780000 -3.8289161
0.3790000 -1.1828996
0.3800000 0.6586594
0.3810000 -1.9801441
0.3820000 -2.2973378
0.3830000 0.2815781
0.3840000 -0.2737379
0.3850000 1.4169626
0.3860000 2.1945510
0.3870000 2.0466185
0.3880000 0.1812279
0.3890000 1.9831641
0.3900000 2.3442302
0.3910000 0.7582374
0.3920000 -0.6176656
0.3930000 -1.9081174
0.3940000 -1.4389186
0.3950000 -0.6198719
0.3960000 -0.9478555
0.3970000 -3.3718894
0.3980000 -1.3713895
0.3990000 -0.2401632
0.4000000 -1.3497555
0.4010000 1.1931975
0.4020000 2.2053041
0.4030000 0.7631706
0.4040000 1.6943411
0.4050000 1.0253587
0.4060000 0.0341880
0.4070000 0.0141468
0.4080000 0.1547133
0.4090000 -0.9527128
0.4100000 -1.4859387
0.4110000 -1.9416120
0.4120000 -1.6001743
0.4130000 -0.3541652
0.4140000 -3.2572980
0.4150000 -1.8431776
0.4160000 -0.5860129
0.4170000 0.4668843
0.4180000 -1.9368958
0.4190000 3.1687455
0.4200000 1.9963155
0.4210000 3.0924571
0.4220000 1.7122808
0.4230000 2.5686326
0.4240000 -0.7115930
0.4250000 0.1724043
0.4260000 -0.4926389
0.4270000 -0.8756801
0.4280000 0.0958420
0.4290000 -1.7659739
0.4300000 -1.3049073
0.4310000 -0.3654488
0.4320000 -0.9535927
0.4330000 -0.9106471
0.4340000 0.4520010
0.4350000 -1.6158419
0.4360000 4.6678257
0.4370000 1.9025413
0.4380000 1.3616129
0.4390000 3.7356048
0.4400000 1.2431400
0.4410000 0.4794388
0.4420000 -0.3717745
0.4430000 -0.7516146
0.4440000 -1.5418169
0.4450000 -1.5101869
0.4460000 -2.8476374
0.4470000 -1.6349458
0.4480000 -1.7153877
0.4490000 -0.3850007
0.4500000 -1.2046174
0.4510000 0.0221611
0.4520000 2.5164208
0.4530000 0.7008247
0.4540000 2.0429199
0.4550000 2.0071170
0.4560000 2.1905849
0.4570000 0.9164307
0.4580000 -2.3093033
0.4590000 -1.0393792
0.4600000 0.5922437
0.4610000 -1.6652694
0.4620000 -1.9274099
0.4630000 -3.4094434
0.4640000 -2.6041420
0.4650000 -0.7259958
0.4660000 0.6313018
0.4670000 1.1480107
0.4680000 0.8282974
0.4690000 1.2210519
0.4700000 2.9858670
0.4710000 1.3276504
0.4720000 0.6463052
0.4730000 1.5919988
0.4740000 3.3315184
0.4750000 0.6207139
0.4760000 -0.3162935
0.4770000 0.1206437
0.4780000 -1.4031104
0.4790000 -0.9654406
0.4800000 -2.3427100
0.4810000 -1.9680994
0.4820000 0.1840028
0.4830000 -0.9245471
0.4840000 0.0993956
0.4850000 2.2697883
0.4860000 2.3814068
0.4870000 1.7414700
0.4880000 0.6394109
0.4890000 2.0477118
0.4900000 2.2542875
0.4910000 -0.7918236
0.4920000 0.6104015
0.4930000 0.5984113
0.4940000 -0.9650472
0.4950000 -1.3859851
0.4960000 -4.0920420
0.4970000 -2.4043279
0.4980000 -0.8167003
0.4990000 -2.0623713
0.5000000 -0.5233552
0.5010000 0.2675709
0.5020000 0.0895706
0.5030000 1.3754880
0.5040000 2.5084696
0.5050000 2.4406767
0.5060000 1.0838971
0.5070000 1.3128480
0.5080000 -0.2877161
0.5090000 -0.4692613
0.5100000 -1.0818813
0.5110000 -2.2946045
0.5120000 -2.1766429
0.5130000 -2.2873669
0.5140000 -0.2072678
0.5150000 1.0212947
0.5160000 -0.3361931
0.5170000 0.4027772
0.5180000 0.6389887
0.5190000 1.8050931
0.5200000 3.4440424
0.5210000 2.8985898
0.5220000 1.8528178
0.5230000 1.2523372
0.5240000 2.0157473
0.5250000 -0.6555141
0.5260000 -1.8089671
0.5270000 -2.2640996
0.5280000 -0.9790549
0.5290000 -2.8752992
0.5300000 -2.5103912
0.5310000 -1.0403392
0.5320000 -2.9979236
0.5330000 0.3191651
0.5340000 0.1884617
0.5350000 -0.0387546
0.5360000 0.6934533
0.5370000 1.7315614
0.5380000 0.9195551
0.5390000 2.9103162
0.5400000 1.6917102
0.5410000 2.6521392
0.5420000 -0.4375763
0.5430000 -0.8514757
0.5440000 -0.5176235
0.5450000 -2.6941915
0.5460000 -4.5369983
0.5470000 -2.4600568
0.5480000 -1.0375977
0.5490000 -2.4218800
0.5500000 -0.3071876
0.5510000 2.2699425
0.5520000 1.3585846
0.5530000 2.6288066
0.5540000 1.5745548
0.5550000 0.4146105
0.5560000 -0.0487970
0.5570000 0.1721488
0.5580000 -0.6662048
0.5590000 -0.9687466
0.5600000 -1.8856454
0.5610000 -2.3874550
0.5620000 -0.9718714
0.5630000 -1.5091254
0.5640000 -1.8854135
0.5650000 -1.1664449
0.5660000 -2.0464261
0.5670000 0.9216576
0.5680000 1.8533391
0.5690000 1.4717973
0.5700000 1.1669917
0.5710000 1.7438626
0.5720000 2.2253578
0.5730000 3.3229694
0.5740000 0.7655798
0.5750000 -1.4677169
0.5760000 -0.8848493
0.5770000 -1.7282276
0.5780000 -1.6777210
0.5790000 -0.8966786
0.5800000 -1.5605724
0.5810000 -1.6283584
0.5820000 -1.2726171
0.5830000 1.3531069
0.5840000 1.4819967
0.5850000 3.4298735
0.5860000 2.2621350
0.5870000 1.9450073
0.5880000 2.1503370
0.5890000 2.7079284
0.5900000 0.5699893
0.5910000 -0.3264898
0.5920000 0.8921782
0.5930000 -0.6762320
0.5940000 -1.1502202
0.5950000 -1.6537918
0.5960000 -1.9463414
0.5970000 -1.1408800
0.5980000 -1.7939221
0.5990000 -1.3324159
0.6000000 0.1866522
0.6010000 0.5592949
0.6020000 1.1212031
0.6030000 2.1075137
0.6040000 2.8610821
0.6050000 1.9749101
0.6060000 0.1776939
0.6070000 0.0235593
0.6080000 0.0169974
0.6090000 0.4822520
0.6100000 -0.2865240
0.6110000 -1.5180703
0.6120000 -4.0396543
0.6130000 -2.7728205
0.6140000 -1.6364701
0.6150000 -2.9604533
0.6160000 0.8369606
0.6170000 1.0264229
0.6180000 1.6702464
0.6190000 1.9770817
0.6200000 1.6941293
0.6210000 1.0020673
0.6220000 2.4008684
0.6230000 2.0697384
0.6240000 2.0234354
0.6250000 0.7123133
0.6260000 0.9433094
0.6270000 -1.2241081
0.6280000 -2.5628064
0.6290000 -2.9920011
0.6300000 -2.1406767
0.6310000 -3.1413438
0.6320000 -1.0403047
0.6330000 0.9693701
0.6340000 1.5789131
0.6350000 2.5249445
0.6360000 0.9309621
0.6370000 2.2061744
0.6380000 1.3642874
0.6390000 1.8377737
0.6400000 1.5092421
0.6410000 -1.2920632
0.6420000 -2.8759191
0.6430000 -2.8461089
0.6440000 -2.8876286
0.6450000 -1.8857489
0.6460000 -1.9705108
0.6470000 -2.0994880
0.6480000 -0.2105210
0.6490000 1.0308475
0.6500000 0.5602171
0.6510000 -0.2484792
0.6520000 0.1551412
0.6530000 1.9586008
0.6540000 1.7952516
0.6550000 2.1124735
0.6560000 0.5761243
0.6570000 2.4833915
0.6580000 -0.2638192
0.6590000 -0.3640919
0.6600000 -0.7332830
0.6610000 -0.1444379
0.6620000 -1.8788655
0.6630000 0.1281635
0.6640000 -2.3118169
0.6650000 -1.0500906
0.6660000 -1.1867027
0.6670000 0.3635491
0.6680000 0.4505298
0.6690000 1.7322942
0.6700000 2.2804339
0.6710000 0.9713500
0.6720000 3.2588737
0.6730000 1.7542720
0.6740000 0.4843766
0.6750000 -1.3264579
0.6760000 -1.7187079
0.6770000 -2.3925292
0.6780000 -2.2566862
0.6790000 -2.2822013
0.6800000 -2.0076756
0.6810000 -1.0473754
0.6820000 -1.0335763
0.6830000 -0.5964159
0.6840000 -1.9339781
0.6850000 2.9501083
0.6860000 2.5721471
0.6870000 0.2951762
0.6880000 1.5949661
0.6890000 0.9645144
0.6900000 1.7198427
0.6910000 0.0679666
0.6920000 -1.5722976
0.6930000 0.8706806
0.6940000 0.7044046
0.6950000 -1.6409383
0.6960000 -4.2781577
0.6970000 -1.6470654
0.6980000 -1.5585989
0.6990000 -0.0154645
0.7000000 0.8445268
0.7010000 0.8863637
0.7020000 3.0615673
0.7030000 2.1188745
0.7040000 2.2555106
0.7050000 1.6526314
0.7060000 2.4934037
0.7070000 -0.0373404
0.7080000 -0.3365096
0.7090000 0.3062795
0.7100000 0.6158821
0.7110000 -2.4152160
0.7120000 -1.6277269
0.7130000 -1.8048910
0.7140000 -3.4491909
0.7150000 -0.6071379
0.7160000 -0.1215856
0.7170000 0.4481352
0.7180000 0.5388885
0.7190000 2.2721739
0.7200000 0.0784930
0.7210000 2.8192976
0.7220000 2.4018397
0.7230000 1.3826749
0.7240000 0.2696511
0.7250000 0.1565837
0.7260000 -1.0131816
0.7270000 -1.3031031
0.7280000 -3.2063138
0.7290000 -2.3178990
0.7300000 -1.8106443
0.7310000 -1.3153733
0.7320000 0.9472054
0.7330000 0.0540741
0.7340000 0.6488934
0.7350000 3.6757627
0.7360000 -0.5165820
0.7370000 3.4166994
0.7380000 2.0965886
0.7390000 0.8130525
0.7400000 2.3433797
0.7410000 -0.1571889
0.7420000 -0.1121019
0.7430000 -1.3299946
0.7440000 -2.9367323
0.7450000 -1.2622995
0.7460000 -3.1812768
0.7470000 -2.4149940
0.7480000 -2.4801867
0.7490000 0.4340936
0.7500000 1.7120299
0.7510000 1.5106696
0.7520000 0.7042349
0.7530000 2.1667020
0.7540000 2.3165944
0.7550000 2.3346145
0.7560000 1.3456880
0.7570000 1.0242876
0.7580000 1.1739935
0.7590000 -1.1239949
0.7600000 -1.9391268
0.7610000 -1.3367697
0.7620000 -1.5327294
0.7630000 -3.0157783
0.7640000 -1.4443406
0.7650000 -2.0689011
0.7660000 -2.5670483
0.7670000 -0.4810216
0.7680000 0.0033401
0.7690000 3.4654863
0.7700000 2.2572143
0.7710000 1.4535443
0.7720000 1.1547166
0.7730000 0.9471385
0.7740000 0.8451144
0.7750000 -0.4682477
0.7760000 -1.3389883
0.7770000 0.3803777
0.7780000 -3.3311086
0.7790000 -1.3546617
0.7800000 -3.0080044
0.7810000 0.3367391
0.7820000 0.0318587
0.7830000 -1.0493102
0.7840000 1.2845923
0.7850000 1.3913271
0.7860000 0.7827207
0.7870000 2.4166284
0.7880000 2.4323995
0.7890000 1.5041871
0.7900000 2.1855924
0.7910000 0.1561027
0.7920000 -0.8525714
0.7930000 -1.1670535
0.7940000 -0.8465047
0.7950000 -2.9882727
0.7960000 -1.0149342
0.7970000 -0.9083919
0.7980000 -1.1437337
0.7990000 -1.5100949
0.8000000 -0.4635029
0.8010000 -0.8933218
0.8020000 2.1917849
0.8030000 2.1839144
0.8040000 -0.1451542
0.8050000 0.9458410
0.8060000 -0.4474956
0.8070000 1.3718957
0.8080000 -1.5597341
0.8090000 -1.3678021
0.8100000 -0.9078293
0.8110000 -1.3951563
0.8120000 -3.8090725
0.8130000 -2.8783975
0.8140000 -2.5108018
0.8150000 -1.3480527
0.8160000 -1.3219600
0.8170000 3.0135841
0.8180000 0.5338051
0.8190000 2.2008607
0.8200000 0.2728626
0.8210000 1.5925695
0.8220000 2.1888642
0.8230000 0.3824708
0.8240000 0.6257650
0.8250000 -0.6932901
0.8260000 0.4522551
0.8270000 -0.7759407
0.8280000 -0.1144375
0.8290000 -2.9408958
0.8300000 -1.4965284
0.8310000 -2.0363634
0.8320000 -1.2782359
0.8330000 0.0036872
0.8340000 1.0174993
0.8350000 0.2729769
0.8360000 0.9305001
0.8370000 1.8639278
0.8380000 2.2742338
0.8390000 2.4634845
0.8400000 0.2023709
0.8410000 0.7234982
0.8420000 -0.3830190
0.8430000 1.5410787
0.8440000 0.8102272
0.8450000 -1.7264141
0.8460000 -2.7286415
0.8470000 -1.3814481
0.8480000 -0.7141812
0.8490000 0.1565340
0.8500000 0.7739668
0.8510000 1.1845540
0.8520000 -0.5756030
0.8530000 2.8665202
0.8540000 -0.3346905
0.8550000 2.0611808
0.8560000 0.7015144
0.8570000 -0.4139021
0.8580000 -0.6851147
0.8590000 -1.8711331
0.8600000 -0.0871125
0.8610000 -0.4226426
0.8620000 -1.2371842
0.8630000 -0.9087866
0.8640000 0.3372966
0.8650000 -2.2611980
0.8660000 -1.5972000
0.8670000 1.2345126
0.8680000 -1.0572278
0.8690000 1.7772884
0.8700000 0.7217839
0.8710000 0.1699516
0.8720000 2.1746397
0.8730000 1.0952477
0.8740000 0.6027483
0.8750000 -0.7049630
0.8760000 -2.2280705
0.8770000 -1.2646325
0.8780000 -3.3311431
0.8790000 -1.7996188
0.8800000 -2.7946138
0.8810000 -1.4919101
0.8820000 -0.3087149
0.8830000 -0.0778089
0.8840000 0.8098765
0.8850000 0.7885181
0.8860000 0.0620482
0.8870000 2.0559490
0.8880000 2.0442150
0.8890000 -1.0127283
0.8900000 1.2338711
0.8910000 0.3862900
0.8920000 0.4362381
0.8930000 -2.0563841
0.8940000 -0.6956465
0.8950000 -3.1290905
0.8960000 -0.9742078
0.8970000 -2.4483626
0.8980000 -1.1235647
0.8990000 -0.7639462
0.9000000 -0.2024181
0.9010000 0.6082799
0.9020000 2.6968381
0.9030000 2.5756254
0.9040000 0.9111878
0.9050000 3.4511867
0.9060000 1.3494830
0.9070000 1.6892544
0.9080000 -0.2193648
0.9090000 -0.0600160
0.9100000 -0.5825145
0.9110000 -1.8213750
0.9120000 -1.0400934
0.9130000 -1.1917353
0.9140000 -0.3012021
0.9150000 -0.7963408
0.9160000 -0.3990747
0.9170000 -0.0766650
0.9180000 0.8344731
0.9190000 3.1871712
0.9200000 2.8458579
0.9210000 2.3747938
0.9220000 0.9378976
0.9230000 2.1325340
0.9240000 0.6409032
0.9250000 -0.5616785
0.9260000 0.1072951
0.9270000 -2.7260475
0.9280000 -1.2874589
0.9290000 -1.7210473
0.9300000 -1.8793378
0.9310000 -1.1647176
0.9320000 -0.7600279
0.9330000 -1.6499556
0.9340000 0.8761015
0.9350000 1.3538769
0.9360000 1.4596846
0.9370000 2.7533557
0.9380000 0.7963253
0.9390000 2.0785997
0.9400000 -0.3167579
0.9410000 1.1178328
0.9420000 0.6683744
0.9430000 0.1851903
0.9440000 -1.5373271
0.9450000 -1.1809888
0.9460000 -2.0427110
0.9470000 -2.3370194
0.9480000 -1.7511621
0.9490000 -0.6308674
0.9500000 1.7298360
0.9510000 1.7024400
0.9520000 2.4786224
0.9530000 1.1828321
0.9540000 2.3614271
0.9550000 3.3184903
0.9560000 1.8237138
0.9570000 0.1802861
0.9580000 -0.3631451
0.9590000 0.4894099
0.9600000 -0.4145524
0.9610000 -1.7527316
0.9620000 -2.8594663
0.9630000 -4.7519851
0.9640000 0.0637842
0.9650000 0.8903666
0.9660000 0.1938390
0.9670000 2.7884665
0.9680000 2.8162217
0.9690000 2.7837121
0.9700000 1.9025216
0.9710000 0.6374679
0.9720000 3.8301136
0.9730000 1.5287246
0.9740000 1.7285452
0.9750000 -0.7882735
0.9760000 -2.6686172
0.9770000 -1.8619102
0.9780000 -1.9206150
0.9790000 -3.6121559
0.9800000 -0.5245836
0.9810000 -1.6017487
0.9820000 -0.0024785
0.9830000 -0.8900203
0.9840000 0.5262882
0.9850000 0.8521487
0.9860000 2.3525541
0.9870000 0.9763057
0.9880000 3.1600070
0.9890000 3.8062589
0.9900000 0.4353097
0.9910000 -0.7863727
0.9920000 -0.2102578
0.9930000 1.1207979
0.9940000 -0.6475008
0.9950000 -1.1730649
0.9960000 -3.9878926
0.9970000 -2.3835690
0.9980000 -1.1445168
0.9990000 -0.8599729
