0.0000000 -0.7594689
0.0010000 -1.7480273
0.0020000 0.0344514
0.0030000 1.3447795
0.0040000 0.2688851
0.0050000 1.0085448
0.0060000 3.0286112
0.0070000 -0.2299510
0.0080000 -0.0144605
0.0090000 -0.4437423
0.0100000 -0.3434112
0.0110000 0.6204476
0.0120000 0.7035598
0.0130000 1.0939764
0.0140000 0.2004979
0.0150000 1.2732899
0.0160000 -0.5957635
0.0170000 0.0097433
0.0180000 -0.7025276
0.0190000 -0.2523968
0.0200000 -1.3437855
0.0210000 -1.8296427
0.0220000 -1.8008318
0.0230000 -0.6599139
0.0240000 -1.6874467
0.0250000 0.0167547
0.0260000 -1.6295409
0.0270000 -1.1305856
0.0280000 1.3494525
0.0290000 1.1437063
0.0300000 0.3975781
0.0310000 0.0767960
0.0320000 0.1846803
0.0330000 0.3400979
0.0340000 -0.9780624
0.0350000 0.4056889
0.0360000 -0.0800630
0.0370000 -0.0502891
0.0380000 -0.5329563
0.0390000 0.8401726
0.0400000 -1.1487480
0.0410000 -1.4908801
0.0420000 -0.6134554
0.0430000 -0.2600356
0.0440000 -2.0711248
0.0450000 -0.5323624
0.0460000 -0.0075173
0.0470000 1.2496271
0.0480000 -1.1691210
0.0490000 -1.6429253
0.0500000 -1.1871367
0.0510000 1.0161467
0.0520000 -1.2638547
0.0530000 -1.1280609
0.0540000 1.9843102
0.0550000 0.2657146
0.0560000 0.7847087
0.0570000 -0.3569894
0.0580000 0.8489085
0.0590000 1.0123127
0.0600000 1.4516680
0.0610000 -1.5645428
0.0620000 1.5233115
0.0630000 0.5815362
0.0640000 -0.9222205
0.0650000 -1.6718459
0.0660000 -1.0545357
0.0670000 -0.0103843
0.0680000 0.1486281
0.0690000 -0.4565891
0.0700000 -2.1819513
0.0710000 0.1219774
0.0720000 -1.4525328
0.0730000 -0.7843633
0.0740000 0.7225531
0.0750000 -1.4007286
0.0760000 -0.0762332
0.0770000 -0.1748733
0.0780000 1.5895741
0.0790000 -0.3667040
0.0800000 0.0795940
0.0810000 0.1792209
0.0820000 -0.0828694
0.0830000 0.5452212
0.0840000 0.3318774
0.0850000 -0.5445372
0.0860000 1.3049232
0.0870000 -0.0208069
0.0880000 -0.0949494
0.0890000 -0.0784900
0.0900000 1.5760436
0.0910000 -0.3799661
0.0920000 -1.4243276
0.0930000 -0.8413484
0.0940000 0.9270031
0.0950000 1.3274584
0.0960000 -1.0051568
0.0970000 -0.0687022
0.0980000 0.9940007
0.0990000 -0.9323148
0.1000000 -1.0375445
0.1010000 -0.3768595
0.1020000 -0.7523460
0.1030000 0.1943774
0.1040000 1.4425367
0.1050000 0.6384699
0.1060000 -1.2206109
0.1070000 1.1701936
0.1080000 1.5099281
0.1090000 0.6336579
0.1100000 -2.0371351
0.1110000 1.3916363
0.1120000 0.8885680
0.1130000 1.9140705
0.1140000 -0.4443794
0.1150000 0.8387739
0.1160000 0.1833049
0.1170000 -1.2006609
0.1180000 0.1592956
0.1190000 -0.9104617
0.1200000 0.1740966
0.1210000 -0.0293004
0.1220000 0.0667860
0.1230000 -0.4370749
0.1240000 0.6328707
0.1250000 -0.0122809
0.1260000 0.4654061
0.1270000 -1.6362760
0.1280000 -0.0476691
0.1290000 0.3779198
0.1300000 0.3074053
0.1310000 -0.1071424
0.1320000 0.3076876
0.1330000 0.3108738
0.1340000 0.4106002
0.1350000 0.2422674
0.1360000 0.9494895
0.1370000 1.4872835
0.1380000 -0.4437446
0.1390000 -0.3094231
0.1400000 -2.4865572
0.1410000 -0.3718058
0.1420000 0.2570992
0.1430000 -2.1942177
0.1440000 -1.2130487
0.1450000 -2.4910603
0.1460000 0.6207627
0.1470000 0.8126326
0.1480000 -0.0921314
0.1490000 -0.1817234
0.1500000 2.4151292
0.1510000 1.2665259
0.1520000 -0.5441068
0.1530000 1.3427236
0.1540000 0.8273305
0.1550000 1.2188449
0.1560000 0.9828004
0.1570000 -1.0504975
0.1580000 1.6077513
0.1590000 0.5152992
0.1600000 -2.0024862
0.1610000 -0.1451475
0.1620000 1.7415236
0.1630000 -0.1332144
0.1640000 0.5257690
0.1650000 -0.4155801
0.1660000 -1.9704436
0.1670000 -1.0767007
0.1680000 0.4239997
0.1690000 -2.2769420
0.1700000 0.0881778
0.1710000 -1.1029187
0.1720000 -0.7141973
0.1730000 1.2156346
0.1740000 -0.4339812
0.1750000 -0.7727489
0.1760000 -0.8615251
0.1770000 1.1528729
0.1780000 -1.7723367
0.1790000 1.3166436
0.1800000 -2.5910451
0.1810000 0.1278302
0.1820000 -1.0705040
0.1830000 1.1549685
0.1840000 0.3408927
0.1850000 -0.5211406
0.1860000 -0.4431237
0.1870000 -1.6304891
0.1880000 -0.5515354
0.1890000 -0.7704661
0.1900000 0.2284201
0.1910000 -0.5428473
0.1920000 2.0659840
0.1930000 -0.6773881
0.1940000 -1.3016257
0.1950000 -0.2659560
0.1960000 0.2503153
0.1970000 0.2608427
0.1980000 0.7404877
0.1990000 -1.1630768
0.2000000 1.3004689
0.2010000 -0.9659281
0.2020000 0.0356370
0.2030000 -0.7923517
0.2040000 1.4279495
0.2050000 1.9356077
0.2060000 0.4181529
0.2070000 -0.3140450
0.2080000 0.0384846
0.2090000 -0.2242236
0.2100000 1.3691972
0.2110000 -1.2026175
0.2120000 1.5454755
0.2130000 0.1722378
0.2140000 0.1508739
0.2150000 0.3644877
0.2160000 -0.1801857
0.2170000 -0.6955450
0.2180000 -0.4415556
0.2190000 0.8159108
0.2200000 -0.0024824
0.2210000 -0.2695956
0.2220000 1.6731910
0.2230000 -1.0760390
0.2240000 0.5217769
0.2250000 0.5405732
0.2260000 1.3687621
0.2270000 1.6250452
0.2280000 0.4816962
0.2290000 -0.6414666
0.2300000 -0.4065750
0.2310000 0.0887730
0.2320000 -0.2401466
0.2330000 2.1763515
0.2340000 1.2634442
0.2350000 1.4352714
0.2360000 -0.4041777
0.2370000 -0.8188491
0.2380000 0.8058731
0.2390000 0.4293825
0.2400000 -1.1559315
0.2410000 -1.4601887
0.2420000 -0.6324037
0.2430000 -0.2481002
0.2440000 1.1901596
0.2450000 -1.3148649
0.2460000 0.1319770
0.2470000 0.7537336
0.2480000 1.7447913
0.2490000 -1.0980273
0.2500000 0.3146878
0.2510000 -1.0320762
0.2520000 -1.4091722
0.2530000 0.7110429
0.2540000 -0.2226080
0.2550000 1.5679121
0.2560000 -0.6800644
0.2570000 -0.5349039
0.2580000 -0.1604870
0.2590000 1.6705130
0.2600000 -1.0580558
0.2610000 1.3689964
0.2620000 0.4544721
0.2630000 0.1510096
0.2640000 1.0783281
0.2650000 -0.4039025
0.2660000 -1.7042711
0.2670000 0.9850786
0.2680000 -0.0040274
0.2690000 -0.8210143
0.2700000 -0.1632670
0.2710000 -1.3360975
0.2720000 -2.2099586
0.2730000 1.5045180
0.2740000 0.0286299
0.2750000 -1.3358550
0.2760000 -0.8935365
0.2770000 -0.1983292
0.2780000 1.4691937
0.2790000 1.6519971
0.2800000 0.3092483
0.2810000 0.7989026
0.2820000 -1.8271466
0.2830000 0.3792104
0.2840000 -0.1580106
0.2850000 1.4159909
0.2860000 0.1026431
0.2870000 -1.6232938
0.2880000 0.1578410
0.2890000 1.9837310
0.2900000 1.2454900
0.2910000 -1.1890694
0.2920000 -1.8235366
0.2930000 -0.5250776
0.2940000 -1.2317994
0.2950000 -1.7123728
0.2960000 -0.9043187
0.2970000 0.3332141
0.2980000 0.4213369
0.2990000 -0.7765511
0.3000000 -2.2091391
0.3010000 -0.4759248
0.3020000 -0.9822134
0.3030000 -0.2789888
0.3040000 1.4300791
0.3050000 2.4235697
0.3060000 0.7592288
0.3070000 0.6262209
0.3080000 1.6042341
0.3090000 1.6859667
0.3100000 -0.3604090
0.3110000 0.3250615
0.3120000 -0.4652649
0.3130000 -0.5881152
0.3140000 -1.1803613
0.3150000 0.0069440
0.3160000 -0.0997190
0.3170000 -0.1607731
0.3180000 1.7891692
0.3190000 0.0131224
0.3200000 -0.2694041
0.3210000 -1.6615220
0.3220000 -0.4173970
0.3230000 -0.8125376
0.3240000 1.5995225
0.3250000 -2.0666983
0.3260000 -0.4833467
0.3270000 0.6408319
0.3280000 1.0142530
0.3290000 0.1781581
0.3300000 2.5331411
0.3310000 0.2297553
0.3320000 0.3184895
0.3330000 1.2999625
0.3340000 0.8375293
0.3350000 -1.8700259
0.3360000 -0.1781903
0.3370000 2.0627601
0.3380000 0.9085140
0.3390000 0.7777903
0.3400000 -1.7813548
0.3410000 -0.6131868
0.3420000 -0.3902368
0.3430000 0.9069706
0.3440000 -0.5386974
0.3450000 -2.5287642
0.3460000 -1.9236819
0.3470000 2.6344619
0.3480000 2.1544855
0.3490000 -0.4306962
0.3500000 -1.1885414
0.3510000 0.4259880
0.3520000 0.6618315
0.3530000 1.1229467
0.3540000 1.6635337
0.3550000 0.5720444
0.3560000 -1.1558449
0.3570000 -0.1133400
0.3580000 -0.6786273
0.3590000 0.1874366
0.3600000 0.1224836
0.3610000 -0.1478045
0.3620000 0.2876651
0.3630000 -1.1089072
0.3640000 0.6517675
0.3650000 0.1140498
0.3660000 -0.0879929
0.3670000 -0.3157126
0.3680000 0.8696854
0.3690000 -0.0251088
0.3700000 -0.6995495
0.3710000 0.0462160
0.3720000 -0.5223230
0.3730000 -0.8306702
0.3740000 1.7088263
0.3750000 0.4018369
0.3760000 0.3673062
0.3770000 -1.0628785
0.3780000 1.6789733
0.3790000 -0.0541287
0.3800000 2.6812317
0.3810000 -0.8139082
0.3820000 -0.8406218
0.3830000 1.5852258
0.3840000 -1.0832417
0.3850000 0.4350617
0.3860000 1.9590577
0.3870000 -0.5717244
0.3880000 -0.1221713
0.3890000 -2.1848249
0.3900000 0.2672946
0.3910000 -0.4040770
0.3920000 -0.4662674
0.3930000 -0.0386793
0.3940000 0.6752768
0.3950000 -1.0981947
0.3960000 -0.3585472
0.3970000 -1.9050328
0.3980000 1.1615983
0.3990000 -1.5897173
0.4000000 -2.0723763
0.4010000 0.1083064
0.4020000 0.5897649
0.4030000 1.1378151
0.4040000 0.8971230
0.4050000 -1.7836958
0.4060000 -1.0924486
0.4070000 1.2735393
0.4080000 -0.2809329
0.4090000 -1.2210433
0.4100000 -1.3749207
0.4110000 1.5697836
0.4120000 1.8531752
0.4130000 -0.0729463
0.4140000 0.5966169
0.4150000 -0.1500756
0.4160000 -0.1082330
0.4170000 0.1781716
0.4180000 -0.3125448
0.4190000 0.0689560
0.4200000 -0.6424922
0.4210000 0.8165552
0.4220000 1.5315174
0.4230000 0.3827121
0.4240000 0.2831938
0.4250000 -1.8820426
0.4260000 0.9838512
0.4270000 0.6496617
0.4280000 1.0657225
0.4290000 0.0269291
0.4300000 0.0373245
0.4310000 2.1346650
0.4320000 1.1761671
0.4330000 -0.8997784
0.4340000 1.0479444
0.4350000 -0.1615416
0.4360000 1.2313473
0.4370000 -0.4441102
0.4380000 1.2806451
0.4390000 -1.1653073
0.4400000 -0.3739344
0.4410000 0.4883470
0.4420000 -0.1234487
0.4430000 -1.3559139
0.4440000 -0.2711287
0.4450000 -0.4531420
0.4460000 0.8577904
0.4470000 0.3571936
0.4480000 -1.2588791
0.4490000 -1.2213562
0.4500000 1.4267801
0.4510000 -1.1109829
0.4520000 0.3902115
0.4530000 0.1091671
0.4540000 0.0595359
0.4550000 0.7678220
0.4560000 -0.4077668
0.4570000 1.2656057
0.4580000 -0.5109848
0.4590000 0.7545477
0.4600000 1.2469093
0.4610000 0.4260236
0.4620000 -0.1936580
0.4630000 -2.2588537
0.4640000 1.1496422
0.4650000 -0.3432101
0.4660000 -2.2654746
0.4670000 -1.3070443
0.4680000 -0.4588983
0.4690000 -2.0781577
0.4700000 -1.0145489
0.4710000 -0.5753781
0.4720000 -0.8487409
0.4730000 0.4121657
0.4740000 -2.0219412
0.4750000 0.1222569
0.4760000 1.8134594
0.4770000 -0.0068709
0.4780000 -1.5553223
0.4790000 0.4664434
0.4800000 0.2444322
0.4810000 -0.3688915
0.4820000 0.0932478
0.4830000 -0.0432170
0.4840000 -0.1306280
0.4850000 -0.3287798
0.4860000 -0.1148672
0.4870000 1.3312091
0.4880000 1.6667744
0.4890000 -0.5391060
0.4900000 0.5651880
0.4910000 0.0904786
0.4920000 -0.4314823
0.4930000 -0.7433794
0.4940000 -0.0814428
0.4950000 -1.6960080
0.4960000 -0.1364917
0.4970000 0.0876415
0.4980000 -1.1336519
0.4990000 -1.3765409
0.5000000 1.9244429
0.5010000 -0.2814164
0.5020000 1.3936620
0.5030000 0.0634821
0.5040000 1.3807695
0.5050000 -0.2010405
0.5060000 -0.6355706
0.5070000 0.6055551
0.5080000 0.7146966
0.5090000 -0.2945379
0.5100000 -0.1474079
0.5110000 -1.0237558
0.5120000 -0.1265366
0.5130000 -0.1885056
0.5140000 -0.0465252
0.5150000 -0.4923897
0.5160000 -0.4893584
0.5170000 0.2936300
0.5180000 -0.0855075
0.5190000 0.9525495
0.5200000 0.2168364
0.5210000 -0.8062251
0.5220000 -1.2643608
0.5230000 -0.1007443
0.5240000 0.4792255
0.5250000 -1.1501914
0.5260000 -0.5013864
0.5270000 -1.3946574
0.5280000 1.1782118
0.5290000 0.4167460
0.5300000 2.8448901
0.5310000 1.1791295
0.5320000 3.3142462
0.5330000 0.7661178
0.5340000 0.6907028
0.5350000 -1.2522672
0.5360000 0.0317460
0.5370000 -0.9315538
0.5380000 -1.2487773
0.5390000 0.4830931
0.5400000 -1.4997718
0.5410000 0.7430303
0.5420000 -1.1950195
0.5430000 0.5687587
0.5440000 -1.0264522
0.5450000 0.4804762
0.5460000 -0.6411009
0.5470000 -0.1215043
0.5480000 -1.0348419
0.5490000 0.7256640
0.5500000 0.0905156
0.5510000 -1.0865682
0.5520000 -1.4121499
0.5530000 -1.3363880
0.5540000 1.6939449
0.5550000 1.6798515
0.5560000 1.7078599
0.5570000 0.8152239
0.5580000 0.4313187
0.5590000 -1.1484114
0.5600000 -0.8650942
0.5610000 -1.0378045
0.5620000 -1.0404197
0.5630000 1.0848622
0.5640000 0.1104270
0.5650000 0.0436237
0.5660000 -0.3035929
0.5670000 0.2681959
0.5680000 -0.0882778
0.5690000 -0.1988817
0.5700000 -0.1577619
0.5710000 0.2323688
0.5720000 -0.4043476
0.5730000 -0.3707656
0.5740000 -1.0649043
0.5750000 0.3068284
0.5760000 1.8995570
0.5770000 1.5409486
0.5780000 1.7394903
0.5790000 0.9691837
0.5800000 1.6383330
0.5810000 1.3546515
0.5820000 0.1859838
0.5830000 0.8705368
0.5840000 2.9263203
0.5850000 0.7566517
0.5860000 -0.5405063
0.5870000 1.1529113
0.5880000 -0.2294990
0.5890000 0.3225643
0.5900000 -0.4179842
0.5910000 -0.2793962
0.5920000 0.1106945
0.5930000 -0.0453763
0.5940000 -1.7269311
0.5950000 -1.0774173
0.5960000 0.6971903
0.5970000 -1.6588881
0.5980000 0.2674995
0.5990000 -0.6279458
0.6000000 0.5805315
0.6010000 -0.1389515
0.6020000 1.9948269
0.6030000 1.5461202
0.6040000 1.2976848
0.6050000 2.4742501
0.6060000 -0.2310121
0.6070000 -0.8105170
0.6080000 1.2964680
0.6090000 1.5080612
0.6100000 -1.3649855
0.6110000 0.3504214
0.6120000 0.2088957
0.6130000 0.1834743
0.6140000 0.2528816
0.6150000 2.6230989
0.6160000 -0.3439533
0.6170000 -1.8407491
0.6180000 -0.8843312
0.6190000 -0.0329742
0.6200000 -1.0616527
0.6210000 0.2422554
0.6220000 0.3051865
0.6230000 1.2260344
0.6240000 0.7189256
0.6250000 -0.1661689
0.6260000 -0.1619591
0.6270000 2.2099404
0.6280000 0.0005571
0.6290000 -0.6296754
0.6300000 -1.4599010
0.6310000 0.4999322
0.6320000 0.0374748
0.6330000 0.3482417
0.6340000 -0.1355838
0.6350000 0.0750484
0.6360000 -0.1432608
0.6370000 -0.9954503
0.6380000 -1.1611710
0.6390000 -0.7084993
0.6400000 0.5540630
0.6410000 0.5278929
0.6420000 -0.6927125
0.6430000 -2.1808579
0.6440000 -0.9876189
0.6450000 -0.6723893
0.6460000 -0.6399218
0.6470000 -0.6435186
0.6480000 0.8366419
0.6490000 -0.7765744
0.6500000 -0.2082062
0.6510000 2.1332865
0.6520000 -0.2688341
0.6530000 0.8572568
0.6540000 0.8415321
0.6550000 3.0459802
0.6560000 1.5635393
0.6570000 -0.4655816
0.6580000 2.0618019
0.6590000 0.2453023
0.6600000 1.2832868
0.6610000 -1.2684531
0.6620000 1.6561166
0.6630000 0.6019005
0.6640000 -0.2781253
0.6650000 -0.0225720
0.6660000 0.3448520
0.6670000 -1.1735667
0.6680000 0.9165359
0.6690000 -2.6126721
0.6700000 1.3199708
0.6710000 -0.7233236
0.6720000 -1.3091090
0.6730000 1.4646192
0.6740000 -0.5431272
0.6750000 -0.5807172
0.6760000 0.6457753
0.6770000 -0.4891739
0.6780000 0.0510851
0.6790000 0.1284590
0.6800000 0.7328491
0.6810000 1.1131865
0.6820000 -0.3534699
0.6830000 -0.3847211
0.6840000 0.8369587
0.6850000 -0.0690688
0.6860000 -1.0607311
0.6870000 0.6522517
0.6880000 -2.2885456
0.6890000 0.3489093
0.6900000 0.3506857
0.6910000 -0.4420711
0.6920000 -0.9305068
0.6930000 1.2587013
0.6940000 -1.0759845
0.6950000 -0.0391127
0.6960000 -0.0565302
0.6970000 0.6767418
0.6980000 -1.3300277
0.6990000 -0.0983771
0.7000000 0.6728097
0.7010000 0.7253388
0.7020000 0.4450840
0.7030000 0.4568119
0.7040000 1.3332809
0.7050000 0.3980107
0.7060000 0.6070281
0.7070000 -0.0209542
0.7080000 -0.0539522
0.7090000 0.6143818
0.7100000 -0.0864573
0.7110000 0.3256431
0.7120000 0.1789254
0.7130000 -0.7745099
0.7140000 0.4035591
0.7150000 0.5553082
0.7160000 -0.0766935
0.7170000 -0.8757172
0.7180000 -1.5345852
0.7190000 -1.2038562
0.7200000 -0.9253687
0.7210000 -1.8180213
0.7220000 0.6188224
0.7230000 0.8894542
0.7240000 0.2576218
0.7250000 0.7268846
0.7260000 1.9857358
0.7270000 1.4103633
0.7280000 0.9310991
0.7290000 -0.3861178
0.7300000 3.0101142
0.7310000 -0.0721662
0.7320000 0.5960627
0.7330000 -0.4888369
0.7340000 0.4901823
0.7350000 -0.2975345
0.7360000 0.1745963
0.7370000 2.4105320
0.7380000 0.6164963
0.7390000 -1.1950399
0.7400000 -0.6816893
0.7410000 -0.1759018
0.7420000 -1.1952407
0.7430000 -1.8666764
0.7440000 0.1235472
0.7450000 -0.8004435
0.7460000 -0.6094248
0.7470000 0.9709712
0.7480000 -1.5280303
0.7490000 -0.6415235
0.7500000 0.2171607
0.7510000 1.8896749
0.7520000 -0.4637877
0.7530000 -0.0180019
0.7540000 0.3717476
0.7550000 1.8099129
0.7560000 0.4333200
0.7570000 1.0270774
0.7580000 -0.6960285
0.7590000 1.3011693
0.7600000 -1.2612374
0.7610000 -0.1176034
0.7620000 1.9525791
0.7630000 0.1800672
0.7640000 0.3434170
0.7650000 0.4084341
0.7660000 -1.9813621
0.7670000 -1.5536727
0.7680000 2.2379844
0.7690000 0.1440779
0.7700000 -0.2965655
0.7710000 -2.1407871
0.7720000 -1.2829915
0.7730000 -2.8782287
0.7740000 1.0412331
0.7750000 -0.0272235
0.7760000 0.0062953
0.7770000 -0.4935408
0.7780000 1.7200525
0.7790000 -0.3986924
0.7800000 2.5276792
0.7810000 3.2651031
0.7820000 0.6198183
0.7830000 0.3425827
0.7840000 1.1045473
0.7850000 1.5287507
0.7860000 -1.2631358
0.7870000 -0.8923016
0.7880000 -0.0867317
0.7890000 -1.4234368
0.7900000 -0.1247723
0.7910000 -0.5187471
0.7920000 -0.2382394
0.7930000 0.6805246
0.7940000 -1.8589643
0.7950000 -0.9603840
0.7960000 -0.2169850
0.7970000 -0.2165811
0.7980000 -0.1019430
0.7990000 -0.6825508
0.8000000 0.4788467
0.8010000 -0.2177835
0.8020000 0.6331694
0.8030000 0.5303724
0.8040000 0.0874449
0.8050000 1.1096849
0.8060000 0.5730658
0.8070000 -1.2140363
0.8080000 0.9221249
0.8090000 0.5713983
0.8100000 0.1768988
0.8110000 -1.4163265
0.8120000 -0.7936990
0.8130000 0.7106332
0.8140000 0.4598203
0.8150000 1.1082208
0.8160000 -0.5790268
0.8170000 -0.6238846
0.8180000 -0.5298890
0.8190000 -0.8291763
0.8200000 -0.5721618
0.8210000 -1.0723280
0.8220000 -0.9155627
0.8230000 -0.3147199
0.8240000 0.2343704
0.8250000 0.5000764
0.8260000 0.5585216
0.8270000 0.2338049
0.8280000 -1.9489330
0.8290000 1.0484538
0.8300000 0.6378862
0.8310000 1.5195712
0.8320000 -0.0966007
0.8330000 1.4503862
0.8340000 -0.1861490
0.8350000 -1.5146416
0.8360000 -1.8079849
0.8370000 -0.2961317
0.8380000 1.2901406
0.8390000 -1.1088834
0.8400000 0.4967540
0.8410000 -0.5438010
0.8420000 -1.6368563
0.8430000 -1.3140280
0.8440000 -0.9178036
0.8450000 -0.2548021
0.8460000 0.7281319
0.8470000 -0.4275797
0.8480000 -2.8180761
0.8490000 2.6727352
0.8500000 1.1181046
0.8510000 0.6955542
0.8520000 -0.0715400
0.8530000 1.6622992
0.8540000 0.5666155
0.8550000 0.4326976
0.8560000 0.3220853
0.8570000 -0.3255195
0.8580000 0.8140216
0.8590000 -0.4390289
0.8600000 -0.0080866
0.8610000 -1.4693902
0.8620000 0.3596435
0.8630000 0.2404616
0.8640000 -0.5821587
0.8650000 -1.1072304
0.8660000 -1.8229173
0.8670000 -1.2515780
0.8680000 -1.0348973
0.8690000 -0.9955469
0.8700000 -1.0757893
0.8710000 -0.5337174
0.8720000 0.7426491
0.8730000 -0.2512896
0.8740000 0.3627555
0.8750000 -1.9739288
0.8760000 1.7210301
0.8770000 -0.4776077
0.8780000 0.7891500
0.8790000 -0.3157845
0.8800000 -0.1210761
0.8810000 1.1041937
0.8820000 -0.3847893
0.8830000 1.2075479
0.8840000 0.7690392
0.8850000 -0.2067708
0.8860000 -0.5604725
0.8870000 -0.6712497
0.8880000 -0.8947581
0.8890000 -0.4384037
0.8900000 1.2497296
0.8910000 0.5412754
0.8920000 -1.1353720
0.8930000 -3.2887678
0.8940000 0.4629318
0.8950000 -0.1861997
0.8960000 -0.9650799
0.8970000 0.0755069
0.8980000 1.6557689
0.8990000 1.5492144
0.9000000 0.9996737
0.9010000 2.1035030
0.9020000 1.0970584
0.9030000 0.0704747
0.9040000 2.0590048
0.9050000 2.6878743
0.9060000 -0.5483635
0.9070000 0.5671805
0.9080000 2.8867989
0.9090000 0.1229399
0.9100000 -0.5475792
0.9110000 2.3209805
0.9120000 0.8019562
0.9130000 1.2773474
0.9140000 -0.1519561
0.9150000 -0.0243333
0.9160000 0.2558212
0.9170000 -1.9764717
0.9180000 -0.3955075
0.9190000 -1.0148200
0.9200000 -0.4778334
0.9210000 -1.6349325
0.9220000 -0.6822237
0.9230000 -1.4437398
0.9240000 0.9085255
0.9250000 -1.0707906
0.9260000 0.5951728
0.9270000 -0.9124308
0.9280000 -0.4718671
0.9290000 1.0406585
0.9300000 1.2933131
0.9310000 0.7629662
0.9320000 -0.5876033
0.9330000 2.2344570
0.9340000 1.1768409
0.9350000 -1.0712571
0.9360000 2.4631560
0.9370000 0.7686754
0.9380000 0.3849711
0.9390000 0.0308484
0.9400000 1.6084679
0.9410000 -0.4587022
0.9420000 -0.7290500
0.9430000 2.6942420
0.9440000 -0.4629570
0.9450000 -0.4992240
0.9460000 -0.7972668
0.9470000 0.0630846
0.9480000 -0.5653951
0.9490000 -1.7598251
0.9500000 -0.5857580
0.9510000 0.6609454
0.9520000 -0.2389586
0.9530000 1.1188165
0.9540000 0.6862493
0.9550000 0.5701818
0.9560000 0.6485072
0.9570000 -0.9454337
0.9580000 1.4192680
0.9590000 -0.1820823
0.9600000 0.0344642
0.9610000 -0.5399430
0.9620000 -0.1789428
0.9630000 1.1777740
0.9640000 -1.6599667
0.9650000 -0.9010445
0.9660000 0.3675250
0.9670000 -2.6186728
0.9680000 -0.2054145
0.9690000 0.2074215
0.9700000 -0.2675841
0.9710000 0.9140606
0.9720000 0.4707778
0.9730000 0.3367569
0.9740000 0.1413572
0.9750000 -0.8614687
0.9760000 -1.4720666
0.9770000 -0.0359613
0.9780000 0.5713145
0.9790000 0.3823428
0.9800000 0.6169119
0.9810000 1.7951726
0.9820000 1.3402020
0.9830000 1.4376911
0.9840000 0.5588554
0.9850000 -0.3763575
0.9860000 1.8095727
0.9870000 0.6315489
0.9880000 -0.8940166
0.9890000 1.0447810
0.9900000 -0.5040634
0.9910000 -0.5665588
0.9920000 0.7256007
0.9930000 -1.0204871
0.9940000 -0.5430112
0.9950000 -1.2162706
0.9960000 0.0346536
0.9970000 -1.4614556
0.9980000 0.7522003
0.9990000 0.0268139
