0.0000000 1.5873139
0.0010000 0.3531731
0.0020000 -0.1373266
0.0030000 -0.3156458
0.0040000 0.7332315
0.0050000 0.7688546
0.0060000 0.3810001
0.0070000 0.6772265
0.0080000 -0.3356517
0.0090000 -1.9778302
0.0100000 1.7533320
0.0110000 0.9162270
0.0120000 2.8633707
0.0130000 1.4370162
0.0140000 0.6571395
0.0150000 -0.1358202
0.0160000 -0.0479711
0.0170000 -0.9165863
0.0180000 0.6636809
0.0190000 1.1399199
0.0200000 0.2845428
0.0210000 -1.3702579
0.0220000 1.3394966
0.0230000 -0.7811885
0.0240000 -1.3081174
0.0250000 0.3182588
0.0260000 0.5782206
0.0270000 -1.5985787
0.0280000 0.0451346
0.0290000 0.4019603
0.0300000 0.2624539
0.0310000 -0.2813118
0.0320000 0.8813013
0.0330000 -0.4244097
0.0340000 -0.9230347
0.0350000 0.6077426
0.0360000 -0.2006743
0.0370000 0.7605544
0.0380000 -0.4145467
0.0390000 -0.0718904
0.0400000 -0.4639085
0.0410000 -0.5489413
0.0420000 1.1391509
0.0430000 0.8616467
0.0440000 -0.7567812
0.0450000 -0.0596614
0.0460000 0.4087060
0.0470000 0.3095087
0.0480000 -1.1339900
0.0490000 0.8484591
0.0500000 -0.3536612
0.0510000 1.2811501
0.0520000 -0.9616267
0.0530000 1.3034872
0.0540000 -0.2130927
0.0550000 2.0875962
0.0560000 0.4748503
0.0570000 0.3839600
0.0580000 -0.9330286
0.0590000 0.5850517
0.0600000 0.5526938
0.0610000 -0.4799807
0.0620000 -1.8250793
0.0630000 0.4297255
0.0640000 -0.2791186
0.0650000 0.4802715
0.0660000 0.1667007
0.0670000 0.2514418
0.0680000 1.0665631
0.0690000 0.3911931
0.0700000 1.1092738
0.0710000 -0.9343247
0.0720000 0.0634324
0.0730000 -1.5999025
0.0740000 -0.4450883
0.0750000 0.9931660
0.0760000 -1.3605506
0.0770000 -0.1564007
0.0780000 -0.1493162
0.0790000 1.6230979
0.0800000 -0.1318008
0.0810000 1.3550422
0.0820000 1.4569663
0.0830000 -1.0897195
0.0840000 0.8834879
0.0850000 -0.7416643
0.0860000 2.2985554
0.0870000 -0.3810430
0.0880000 0.7391956
0.0890000 1.0636896
0.0900000 1.6709642
0.0910000 -0.8679871
0.0920000 -2.1950111
0.0930000 -1.6158919
0.0940000 1.6469505
0.0950000 0.1777470
0.0960000 -1.5658774
0.0970000 0.7727676
0.0980000 0.3423977
0.0990000 0.2783243
0.1000000 0.7573690
0.1010000 0.4356312
0.1020000 -2.3031168
0.1030000 0.3735856
0.1040000 -0.3386399
0.1050000 -0.3697696
0.1060000 -0.8026025
0.1070000 0.3599041
0.1080000 -1.2323745
0.1090000 0.6533130
0.1100000 -2.4662514
0.1110000 1.9921319
0.1120000 0.1840567
0.1130000 1.5718217
0.1140000 1.0563270
0.1150000 0.3768260
0.1160000 -0.6678386
0.1170000 2.0433097
0.1180000 1.0111740
0.1190000 -0.7285911
0.1200000 0.1925009
0.1210000 0.8521519
0.1220000 1.6045358
0.1230000 -0.9070232
0.1240000 1.1436892
0.1250000 -1.7631996
0.1260000 0.0062216
0.1270000 -0.5391837
0.1280000 1.4014075
0.1290000 -1.2087287
0.1300000 1.5141755
0.1310000 2.3837013
0.1320000 0.4476371
0.1330000 -2.3771386
0.1340000 0.3202162
0.1350000 1.6603888
0.1360000 1.5743085
0.1370000 -0.5275640
0.1380000 0.1376726
0.1390000 1.0050904
0.1400000 -1.0134232
0.1410000 -1.2274684
0.1420000 0.0500501
0.1430000 -0.1043616
0.1440000 -1.4542892
0.1450000 -0.3902471
0.1460000 -0.3175829
0.1470000 1.7037898
0.1480000 0.8755357
0.1490000 0.2648106
0.1500000 0.5365280
0.1510000 0.0087682
0.1520000 -0.8918311
0.1530000 1.1727036
0.1540000 -1.2276037
0.1550000 -0.3644055
0.1560000 0.7412459
0.1570000 2.0104139
0.1580000 0.3907698
0.1590000 -0.4755231
0.1600000 0.1281347
0.1610000 0.9385729
0.1620000 0.4908059
0.1630000 1.1389321
0.1640000 -0.5388114
0.1650000 -0.7160832
0.1660000 0.3711532
0.1670000 -0.3832079
0.1680000 -0.8022786
0.1690000 0.0165693
0.1700000 -0.7411743
0.1710000 -1.8752686
0.1720000 1.2595228
0.1730000 0.1764729
0.1740000 -1.3083431
0.1750000 -0.4383108
0.1760000 -2.1971893
0.1770000 -0.2850989
0.1780000 0.6851940
0.1790000 1.2221670
0.1800000 0.5918266
0.1810000 -0.3834272
0.1820000 0.7024011
0.1830000 1.6267197
0.1840000 -0.0161083
0.1850000 0.0920905
0.1860000 -0.2965765
0.1870000 -1.1944567
0.1880000 0.9853354
0.1890000 0.1922477
0.1900000 -0.8257298
0.1910000 -1.5306331
0.1920000 -0.3253834
0.1930000 -0.9031346
0.1940000 -0.3189800
0.1950000 0.8790352
0.1960000 0.8119377
0.1970000 -0.9183726
0.1980000 0.0488950
0.1990000 -0.3453052
0.2000000 0.1714370
0.2010000 -0.8124537
0.2020000 0.5307861
0.2030000 1.0722938
0.2040000 -0.7221811
0.2050000 -0.6725332
0.2060000 0.8651452
0.2070000 1.5106518
0.2080000 0.5096861
0.2090000 -0.7281581
0.2100000 -0.7432058
0.2110000 -0.8677795
0.2120000 0.3593242
0.2130000 1.3152522
0.2140000 -1.8634564
0.2150000 1.0762709
0.2160000 1.1161344
0.2170000 -0.6157978
0.2180000 -1.6080428
0.2190000 0.6923471
0.2200000 0.2287519
0.2210000 -0.1943610
0.2220000 -0.9714178
0.2230000 0.6980724
0.2240000 0.7086750
0.2250000 -0.0086030
0.2260000 0.3589770
0.2270000 -0.4359502
0.2280000 0.1120200
0.2290000 -0.7524518
0.2300000 0.3423186
0.2310000 0.7455444
0.2320000 -0.2846582
0.2330000 -1.1768541
0.2340000 0.7394267
0.2350000 0.9087191
0.2360000 1.4536254
0.2370000 0.3192216
0.2380000 -1.1582128
0.2390000 0.8173117
0.2400000 -0.8874570
0.2410000 1.4267372
0.2420000 0.6234887
0.2430000 -1.4128990
0.2440000 -0.4852831
0.2450000 0.0995853
0.2460000 0.6815658
0.2470000 0.6155671
0.2480000 0.4105971
0.2490000 -1.1761860
0.2500000 -0.1430142
0.2510000 -0.2068586
0.2520000 0.9173101
0.2530000 -0.1105725
0.2540000 -0.1329871
0.2550000 -0.4802222
0.2560000 -0.5500931
0.2570000 0.8502270
0.2580000 -0.0685249
0.2590000 -1.1806438
0.2600000 0.1221138
0.2610000 -0.2604968
0.2620000 -0.6789353
0.2630000 -1.8726647
0.2640000 -1.2403125
0.2650000 0.8297933
0.2660000 -0.3659209
0.2670000 0.2877107
0.2680000 -1.2997580
0.2690000 0.1636750
0.2700000 0.0303312
0.2710000 -0.0894833
0.2720000 -1.0512518
0.2730000 0.6222062
0.2740000 0.5725172
0.2750000 -0.5701151
0.2760000 -1.4702984
0.2770000 0.7301140
0.2780000 -1.8720260
0.2790000 1.3273803
0.2800000 1.7796897
0.2810000 2.4619861
0.2820000 0.4624329
0.2830000 -0.8457026
0.2840000 -0.3724764
0.2850000 1.3784708
0.2860000 0.1526768
0.2870000 0.4955515
0.2880000 -1.2683854
0.2890000 -1.5858403
0.2900000 -2.2170253
0.2910000 0.3750804
0.2920000 -0.4638521
0.2930000 0.5250900
0.2940000 0.3949672
0.2950000 0.7637080
0.2960000 -0.9564186
0.2970000 -0.7738801
0.2980000 0.4498799
0.2990000 0.7438158
0.3000000 1.0432678
0.3010000 0.4685104
0.3020000 1.4449905
0.3030000 1.5338182
0.3040000 -0.6125007
0.3050000 1.3493267
0.3060000 -0.5528899
0.3070000 0.4174537
0.3080000 1.2456597
0.3090000 0.8063986
0.3100000 0.5868015
0.3110000 0.7984598
0.3120000 1.2716713
0.3130000 2.2404621
0.3140000 -0.5618805
0.3150000 0.7953932
0.3160000 -1.2955246
0.3170000 -1.4275913
0.3180000 0.7391864
0.3190000 0.1091147
0.3200000 -2.2701113
0.3210000 0.2096913
0.3220000 -0.9289739
0.3230000 1.8178102
0.3240000 0.5265105
0.3250000 0.3639058
0.3260000 -1.6529140
0.3270000 0.5709499
0.3280000 0.3457836
0.3290000 -0.1055861
0.3300000 0.2348037
0.3310000 -0.5498898
0.3320000 0.9302091
0.3330000 -0.0068123
0.3340000 -0.8993224
0.3350000 -0.1767489
0.3360000 0.0834378
0.3370000 -0.6664441
0.3380000 -0.0227715
0.3390000 -0.8346459
0.3400000 0.8987950
0.3410000 0.9744748
0.3420000 -0.0884728
0.3430000 0.2294274
0.3440000 -0.2369549
0.3450000 -0.3082232
0.3460000 -0.4211090
0.3470000 0.3305224
0.3480000 1.3071820
0.3490000 -1.5120751
0.3500000 -1.2613482
0.3510000 -1.1452777
0.3520000 0.8039198
0.3530000 0.8490075
0.3540000 -0.3800760
0.3550000 -0.4822397
0.3560000 0.5496393
0.3570000 0.6587480
0.3580000 1.1212605
0.3590000 -0.3329534
0.3600000 -0.6196408
0.3610000 0.5174147
0.3620000 -0.3317154
0.3630000 0.1539240
0.3640000 -0.4675651
0.3650000 1.1560755
0.3660000 -0.5513042
0.3670000 -0.1193638
0.3680000 1.8456951
0.3690000 0.2079257
0.3700000 0.2396060
0.3710000 1.3646224
0.3720000 -0.8567820
0.3730000 -0.0485673
0.3740000 -0.7998211
0.3750000 -0.3302374
0.3760000 1.6012189
0.3770000 0.4716396
0.3780000 -0.7880707
0.3790000 -0.9971219
0.3800000 0.2175680
0.3810000 -1.0081015
0.3820000 3.0114360
0.3830000 -0.6685593
0.3840000 1.1375450
0.3850000 0.1746550
0.3860000 0.0683376
0.3870000 -0.8491589
0.3880000 -1.1797080
0.3890000 -0.9429478
0.3900000 -1.3761480
0.3910000 -0.2405680
0.3920000 -1.2497045
0.3930000 -1.0267208
0.3940000 -1.6341870
0.3950000 -0.2781697
0.3960000 0.5759624
0.3970000 -0.3339259
0.3980000 -0.5272273
0.3990000 -3.2116113
0.4000000 0.2480916
0.4010000 -0.6854639
0.4020000 0.2557768
0.4030000 0.5620796
0.4040000 -1.3605599
0.4050000 -0.0407649
0.4060000 -2.0028918
0.4070000 -0.5013492
0.4080000 -0.9393989
0.4090000 -0.4831072
0.4100000 0.1274104
0.4110000 -1.5487050
0.4120000 2.0496116
0.4130000 -1.1494375
0.4140000 -1.5876554
0.4150000 1.2266362
0.4160000 1.0644636
0.4170000 -0.0646316
0.4180000 -0.4820364
0.4190000 1.2311910
0.4200000 0.0949569
0.4210000 -1.3915219
0.4220000 1.3138365
0.4230000 -0.3655969
0.4240000 0.7530090
0.4250000 -0.1302038
0.4260000 -1.3502659
0.4270000 1.1806474
0.4280000 1.1105634
0.4290000 0.2080318
0.4300000 -0.1750411
0.4310000 -0.0348223
0.4320000 1.5260019
0.4330000 -0.1131342
0.4340000 -0.2768192
0.4350000 0.0971215
0.4360000 -0.5106915
0.4370000 -0.6448606
0.4380000 -1.4244400
0.4390000 0.4337441
0.4400000 0.0501810
0.4410000 -2.8720636
0.4420000 -1.2418607
0.4430000 1.5000632
0.4440000 -0.2372070
0.4450000 0.0405947
0.4460000 0.0957301
0.4470000 -1.6677226
0.4480000 0.9018471
0.4490000 -0.3844755
0.4500000 -0.5830575
0.4510000 -0.1598648
0.4520000 0.6834416
0.4530000 0.5116270
0.4540000 0.9585425
0.4550000 0.2802120
0.4560000 -0.9312612
0.4570000 -0.6888722
0.4580000 -0.3083663
0.4590000 -1.0409122
0.4600000 0.6559169
0.4610000 -0.6263986
0.4620000 0.0280675
0.4630000 -0.8969871
0.4640000 -0.4596900
0.4650000 -0.6331764
0.4660000 -0.1458427
0.4670000 -0.9069266
0.4680000 -0.3679612
0.4690000 -0.3990017
0.4700000 -2.3407004
0.4710000 -1.4322226
0.4720000 -0.5647554
0.4730000 2.2055154
0.4740000 -0.4964653
0.4750000 0.0179714
0.4760000 1.4449161
0.4770000 0.1351807
0.4780000 0.9625592
0.4790000 0.6129149
0.4800000 1.4319394
0.4810000 1.4426414
0.4820000 1.3240951
0.4830000 1.7068497
0.4840000 -0.4537385
0.4850000 1.0315647
0.4860000 -1.2432754
0.4870000 -1.3972268
0.4880000 -1.4541923
0.4890000 -0.7321522
0.4900000 -0.3072630
0.4910000 0.3858025
0.4920000 -0.4072751
0.4930000 -0.1275403
0.4940000 1.4531876
0.4950000 0.8243573
0.4960000 -2.1671772
0.4970000 -0.4876819
0.4980000 -0.5287537
0.4990000 0.7534508
0.5000000 -0.5073887
0.5010000 0.9556648
0.5020000 1.6116974
0.5030000 0.4722516
0.5040000 -1.2058378
0.5050000 0.8529052
0.5060000 -0.6699976
0.5070000 0.7298076
0.5080000 -0.0316647
0.5090000 -0.1044968
0.5100000 0.9840695
0.5110000 -1.2561809
0.5120000 -1.2992412
0.5130000 0.3953120
0.5140000 -1.6509256
0.5150000 0.8149622
0.5160000 0.1983838
0.5170000 -0.7713221
0.5180000 -0.9858147
0.5190000 -0.0453351
0.5200000 -0.0614825
0.5210000 -1.0017109
0.5220000 -0.9133474
0.5230000 -2.1473391
0.5240000 -0.1998551
0.5250000 -0.0603012
0.5260000 1.9742396
0.5270000 0.3874966
0.5280000 0.7891404
0.5290000 -0.6469761
0.5300000 0.9936892
0.5310000 0.8467048
0.5320000 -0.0641086
0.5330000 -2.2142804
0.5340000 1.7407557
0.5350000 -0.8254034
0.5360000 -1.2322882
0.5370000 -0.6703728
0.5380000 -0.5143588
0.5390000 1.8467534
0.5400000 0.4001371
0.5410000 -0.1492122
0.5420000 -1.2980871
0.5430000 -0.6321130
0.5440000 -1.6676944
0.5450000 -0.1328999
0.5460000 0.0337889
0.5470000 -1.2336770
0.5480000 0.7002595
0.5490000 -0.5132319
0.5500000 -1.4380137
0.5510000 0.5483824
0.5520000 -0.1350105
0.5530000 0.6401742
0.5540000 -0.1335699
0.5550000 -0.3936785
0.5560000 -0.8408937
0.5570000 -0.6132295
0.5580000 0.2870122
0.5590000 0.4849708
0.5600000 0.9696769
0.5610000 1.4749788
0.5620000 0.2290664
0.5630000 -1.0224103
0.5640000 -1.1623276
0.5650000 0.7444592
0.5660000 3.0600033
0.5670000 0.9483952
0.5680000 -0.5805530
0.5690000 1.3766967
0.5700000 2.1318450
0.5710000 -0.9288775
0.5720000 0.4508515
0.5730000 -1.0189756
0.5740000 -0.9643597
0.5750000 -0.7351411
0.5760000 -0.9029152
0.5770000 0.2457865
0.5780000 0.0401441
0.5790000 0.1530459
0.5800000 -0.1091885
0.5810000 0.5927005
0.5820000 -1.3341439
0.5830000 0.2994957
0.5840000 -0.2109615
0.5850000 0.6654291
0.5860000 0.4082205
0.5870000 0.6552728
0.5880000 -0.7934510
0.5890000 -1.2265384
0.5900000 1.7449169
0.5910000 -0.5585032
0.5920000 1.1762677
0.5930000 -0.1009869
0.5940000 0.5780040
0.5950000 0.4267885
0.5960000 0.8919975
0.5970000 0.5762410
0.5980000 0.0875900
0.5990000 1.1710659
0.6000000 1.2289621
0.6010000 -0.3086513
0.6020000 -1.3933629
0.6030000 -0.2958136
0.6040000 -0.4774639
0.6050000 0.6303663
0.6060000 -1.5544813
0.6070000 1.2144598
0.6080000 0.1579598
0.6090000 2.6220760
0.6100000 0.4117089
0.6110000 1.3096567
0.6120000 -0.1578313
0.6130000 -0.5576731
0.6140000 -0.3241335
0.6150000 0.7769330
0.6160000 -0.2775379
0.6170000 0.1256111
0.6180000 -3.4747040
0.6190000 0.7252337
0.6200000 1.0744816
0.6210000 -0.4855743
0.6220000 1.5278240
0.6230000 -0.0258098
0.6240000 -0.9899276
0.6250000 -0.0718122
0.6260000 -0.1637679
0.6270000 0.0986566
0.6280000 0.7016968
0.6290000 -0.0906361
0.6300000 -0.7340295
0.6310000 -0.8569778
0.6320000 0.5634447
0.6330000 0.3676109
0.6340000 -0.8466085
0.6350000 -0.0794884
0.6360000 -0.7510044
0.6370000 0.1097879
0.6380000 -0.9855495
0.6390000 -0.3219253
0.6400000 -0.7143363
0.6410000 -0.0803592
0.6420000 0.8884497
0.6430000 -0.4026731
0.6440000 0.9535538
0.6450000 -0.5810719
0.6460000 0.3262722
0.6470000 -0.1918251
0.6480000 1.3049085
0.6490000 0.4271986
0.6500000 0.9293634
0.6510000 1.0919451
0.6520000 -1.2064755
0.6530000 -0.1449104
0.6540000 0.8074689
0.6550000 0.9807348
0.6560000 -0.3048991
0.6570000 1.0213542
0.6580000 0.9049119
0.6590000 0.5891875
0.6600000 -0.1022829
0.6610000 2.1890805
0.6620000 -0.2050196
0.6630000 0.0243846
0.6640000 -0.5273710
0.6650000 -1.0197088
0.6660000 1.3488270
0.6670000 0.6132936
0.6680000 -0.6277151
0.6690000 1.2432630
0.6700000 0.1520814
0.6710000 0.0241036
0.6720000 0.1680942
0.6730000 -1.9953072
0.6740000 1.1605918
0.6750000 -0.5374756
0.6760000 -1.0083219
0.6770000 -0.4251413
0.6780000 0.6128598
0.6790000 -0.6403975
0.6800000 0.0168942
0.6810000 0.2842067
0.6820000 0.6829603
0.6830000 0.2568158
0.6840000 -0.4211347
0.6850000 1.3014144
0.6860000 -0.0174486
0.6870000 0.0827169
0.6880000 0.8625249
0.6890000 0.7019538
0.6900000 0.9743294
0.6910000 -0.2338673
0.6920000 0.7717571
0.6930000 -0.5584862
0.6940000 -0.4158763
0.6950000 1.2458209
0.6960000 -0.4036458
0.6970000 -0.6899650
0.6980000 -0.4466313
0.6990000 -0.4957894
0.7000000 1.5985465
0.7010000 -0.3849449
0.7020000 -0.2817830
0.7030000 0.5215270
0.7040000 0.3621937
0.7050000 1.7116717
0.7060000 -0.2326397
0.7070000 -0.5446204
0.7080000 1.9310199
0.7090000 -0.5399511
0.7100000 -0.1413195
0.7110000 0.6216183
0.7120000 1.1386381
0.7130000 -0.1180259
0.7140000 0.0383478
0.7150000 -0.4238410
0.7160000 -1.4180773
0.7170000 0.7650109
0.7180000 0.0619103
0.7190000 0.4460107
0.7200000 -0.0232961
0.7210000 0.5218089
0.7220000 -1.8927768
0.7230000 -1.6673547
0.7240000 -0.9432501
0.7250000 -0.7221414
0.7260000 1.0326097
0.7270000 -0.2765001
0.7280000 1.7855257
0.7290000 -0.5479647
0.7300000 0.1372049
0.7310000 0.1510852
0.7320000 1.6585160
0.7330000 -0.8011147
0.7340000 -0.1834226
0.7350000 0.1949398
0.7360000 0.4857053
0.7370000 -0.5705305
0.7380000 -1.7526405
0.7390000 -1.3862766
0.7400000 0.1047152
0.7410000 0.4520544
0.7420000 -0.7935631
0.7430000 -0.0195521
0.7440000 0.6222060
0.7450000 0.4796457
0.7460000 0.8300313
0.7470000 0.5592695
0.7480000 0.6235511
0.7490000 -2.5971401
0.7500000 1.7208357
0.7510000 -0.4502952
0.7520000 1.9487261
0.7530000 0.8586693
0.7540000 0.7405357
0.7550000 0.8385407
0.7560000 1.0911361
0.7570000 0.4103382
0.7580000 -1.2270789
0.7590000 -1.2465128
0.7600000 -0.6427315
0.7610000 -0.4332167
0.7620000 -1.2578713
0.7630000 -0.1996191
0.7640000 1.1532304
0.7650000 0.4156186
0.7660000 -0.8806319
0.7670000 1.2802815
0.7680000 -0.6383812
0.7690000 1.2094443
0.7700000 -0.6436646
0.7710000 -0.5311662
0.7720000 -0.6326145
0.7730000 1.0800606
0.7740000 -1.0064700
0.7750000 -2.9470313
0.7760000 0.4967243
0.7770000 0.6261376
0.7780000 0.5229628
0.7790000 0.1304428
0.7800000 1.2703775
0.7810000 -0.9425691
0.7820000 0.9498209
0.7830000 -0.3935097
0.7840000 -0.4469408
0.7850000 -0.8116931
0.7860000 0.7370883
0.7870000 -0.7385638
0.7880000 -0.3864631
0.7890000 -0.7893837
0.7900000 -0.0898872
0.7910000 -1.9241277
0.7920000 0.5767126
0.7930000 -1.6847420
0.7940000 -0.4857392
0.7950000 -0.0453375
0.7960000 0.1067133
0.7970000 0.0437147
0.7980000 0.8174213
0.7990000 -0.6088476
0.8000000 -0.6345552
0.8010000 -0.5339966
0.8020000 1.1398687
0.8030000 0.6626791
0.8040000 0.8296502
0.8050000 0.6840798
0.8060000 -0.1615652
0.8070000 0.6449324
0.8080000 1.4715395
0.8090000 0.1917628
0.8100000 -1.2234801
0.8110000 0.5955409
0.8120000 3.3142436
0.8130000 0.5366734
0.8140000 0.7087693
0.8150000 1.0629698
0.8160000 -1.1706978
0.8170000 1.3159148
0.8180000 -1.5915171
0.8190000 -0.7304499
0.8200000 -1.8062468
0.8210000 1.0805115
0.8220000 -0.8144605
0.8230000 0.6020358
0.8240000 -1.7876742
0.8250000 0.6568648
0.8260000 1.7755308
0.8270000 0.8516492
0.8280000 0.5573083
0.8290000 0.6819899
0.8300000 -1.2707950
0.8310000 0.9775531
0.8320000 0.0382632
0.8330000 1.4801166
0.8340000 -0.4922948
0.8350000 0.1524071
0.8360000 2.4763854
0.8370000 -1.0672237
0.8380000 1.3304645
0.8390000 2.0082121
0.8400000 -2.5194740
0.8410000 -1.8690466
0.8420000 -0.5699360
0.8430000 -1.4542484
0.8440000 -0.6266178
0.8450000 -2.0368648
0.8460000 1.4645684
0.8470000 -0.5969739
0.8480000 -1.5194641
0.8490000 -0.4009056
0.8500000 0.4450466
0.8510000 -0.0040811
0.8520000 -0.0051270
0.8530000 -0.0610741
0.8540000 0.6626831
0.8550000 -0.7225993
0.8560000 1.3788159
0.8570000 0.7438786
0.8580000 1.1781311
0.8590000 -0.6896387
0.8600000 0.6083547
0.8610000 1.0514630
0.8620000 -0.9100960
0.8630000 -1.5976834
0.8640000 -0.6218858
0.8650000 0.0075839
0.8660000 1.8709887
0.8670000 0.2695571
0.8680000 -1.1409668
0.8690000 -0.6012737
0.8700000 0.0687944
0.8710000 -1.1643040
0.8720000 1.8354447
0.8730000 0.2804658
0.8740000 -1.6069202
0.8750000 -3.0677443
0.8760000 -1.4663538
0.8770000 0.0730874
0.8780000 0.2416548
0.8790000 -0.2536696
0.8800000 -0.3509248
0.8810000 0.0641909
0.8820000 -2.1510742
0.8830000 -0.2963828
0.8840000 -0.8028923
0.8850000 3.0480728
0.8860000 -1.2717352
0.8870000 1.3532022
0.8880000 -1.3586662
0.8890000 0.6250957
0.8900000 1.4346333
0.8910000 -1.1547395
0.8920000 -1.4338861
0.8930000 0.2740169
0.8940000 -1.2744945
0.8950000 1.4601932
0.8960000 -0.4487479
0.8970000 -1.0588336
0.8980000 1.1127485
0.8990000 -0.2431466
0.9000000 0.9460849
0.9010000 0.3863185
0.9020000 -0.7682973
0.9030000 0.5995565
0.9040000 -1.2069798
0.9050000 -0.9465268
0.9060000 0.8049188
0.9070000 0.5694380
0.9080000 0.3576878
0.9090000 -2.0997365
0.9100000 -0.5919056
0.9110000 1.9781201
0.9120000 0.4031563
0.9130000 -0.8540683
0.9140000 -0.5615510
0.9150000 -0.7456790
0.9160000 -0.0105384
0.9170000 -0.4087931
0.9180000 0.4060332
0.9190000 -0.0056314
0.9200000 -0.2361029
0.9210000 0.6251789
0.9220000 -0.5523103
0.9230000 -0.9503896
0.9240000 1.6641737
0.9250000 0.5532742
0.9260000 0.2839635
0.9270000 -0.0451903
0.9280000 0.3456217
0.9290000 -0.5045239
0.9300000 -0.0167408
0.9310000 -0.9494584
0.9320000 1.0345744
0.9330000 -0.2453296
0.9340000 -1.0211605
0.9350000 -0.5806717
0.9360000 -2.2299931
0.9370000 -0.7470822
0.9380000 -0.3981902
0.9390000 -0.7803579
0.9400000 1.4632133
0.9410000 0.1637642
0.9420000 0.8961235
0.9430000 2.1851177
0.9440000 0.0329068
0.9450000 -0.7431850
0.9460000 -1.6742302
0.9470000 -0.2513953
0.9480000 0.9434467
0.9490000 -0.2982757
0.9500000 -0.1000595
0.9510000 -0.6213957
0.9520000 -0.5347070
0.9530000 0.4626616
0.9540000 0.6546787
0.9550000 1.0247390
0.9560000 -0.5417077
0.9570000 -0.2124780
0.9580000 -0.5645214
0.9590000 -1.5339261
0.9600000 -0.6438971
0.9610000 1.8746752
0.9620000 0.1820910
0.9630000 -0.1920744
0.9640000 0.3210829
0.9650000 -0.1392275
0.9660000 -1.0589241
0.9670000 -0.8475384
0.9680000 -1.0080646
0.9690000 -0.1907248
0.9700000 -1.2503350
0.9710000 -1.8594273
0.9720000 -0.3383954
0.9730000 -1.1209626
0.9740000 -0.5178615
0.9750000 -0.1470708
0.9760000 1.1537883
0.9770000 -1.2932591
0.9780000 1.3043926
0.9790000 0.0942571
0.9800000 -0.9456136
0.9810000 1.1205689
0.9820000 -1.1857902
0.9830000 0.9370152
0.9840000 1.2264357
0.9850000 -1.2857940
0.9860000 -1.2035751
0.9870000 0.1289683
0.9880000 0.4389260
0.9890000 0.8804761
0.9900000 0.7638101
0.9910000 -0.3208988
0.9920000 0.7384321
0.9930000 1.1017909
0.9940000 1.2563342
0.9950000 -0.8556635
0.9960000 -0.6098408
0.9970000 -0.4401907
0.9980000 1.5345039
0.9990000 -0.6933819
