0.0000000 -0.0263170
0.0010000 0.1302195
0.0020000 0.0557848
0.0030000 1.0152881
0.0040000 1.8730205
0.0050000 2.2338428
0.0060000 2.8962982
0.0070000 1.7908303
0.0080000 1.6465696
0.0090000 1.3441823
0.0100000 1.9359996
0.0110000 1.0020231
0.0120000 0.4514379
0.0130000 0.3842766
0.0140000 -0.8025930
0.0150000 -0.8391406
0.0160000 -1.5938485
0.0170000 -2.3485613
0.0180000 -1.5412163
0.0190000 -1.6800330
0.0200000 -1.8815025
0.0210000 -1.8481503
0.0220000 -0.8184686
0.0230000 -2.2459030
0.0240000 -0.9193443
0.0250000 0.6011162
0.0260000 0.1667612
0.0270000 0.8469457
0.0280000 0.5334287
0.0290000 0.5916693
0.0300000 1.8770834
0.0310000 2.4591503
0.0320000 2.1794946
0.0330000 1.8038481
0.0340000 1.0282774
0.0350000 0.4975560
0.0360000 1.2443558
0.0370000 1.2871931
0.0380000 -0.7008998
0.0390000 -0.3571421
0.0400000 -1.5651366
0.0410000 -1.1449049
0.0420000 -1.4793046
0.0430000 -2.0467861
0.0440000 -2.3655744
0.0450000 -1.2551591
0.0460000 -1.6620765
0.0470000 -2.0617576
0.0480000 -1.6930509
0.0490000 -0.0645512
0.0500000 -0.4475112
0.0510000 0.1323705
0.0520000 0.2554324
0.0530000 1.1770396
0.0540000 2.5370715
0.0550000 1.8244228
0.0560000 2.0553174
0.0570000 2.7350435
0.0580000 2.0129216
0.0590000 1.8751355
0.0600000 1.1651396
0.0610000 1.2803724
0.0620000 0.7870393
0.0630000 -0.5198702
0.0640000 -0.4207470
0.0650000 -1.2814705
0.0660000 -2.3156915
0.0670000 -1.5340080
0.0680000 -1.4632442
0.0690000 -1.9454101
0.0700000 -0.7981960
0.0710000 -1.8315476
0.0720000 -1.7712001
0.0730000 -0.8506266
0.0740000 -0.8310872
0.0750000 -0.3489279
0.0760000 -0.3958931
0.0770000 1.2099503
0.0780000 1.5658883
0.0790000 1.1094093
0.0800000 1.2629597
0.0810000 1.9825430
0.0820000 0.8786082
0.0830000 1.4412839
0.0840000 2.2369320
0.0850000 1.3631661
0.0860000 1.0620396
0.0870000 0.4060685
0.0880000 -0.3960682
0.0890000 -0.6316625
0.0900000 -1.6266078
0.0910000 -1.3841871
0.0920000 -2.5057387
0.0930000 -2.2003767
0.0940000 -2.4299488
0.0950000 -1.9119474
0.0960000 -1.9813428
0.0970000 -0.8368218
0.0980000 -1.4199111
0.0990000 -1.1989303
0.1000000 -0.2279467
0.1010000 -0.1899746
0.1020000 0.9374776
0.1030000 1.7502145
0.1040000 1.8470975
0.1050000 2.8865235
0.1060000 2.5397105
0.1070000 0.9826499
0.1080000 3.4614925
0.1090000 1.4406631
0.1100000 0.2561270
0.1110000 0.6087615
0.1120000 -0.1120073
0.1130000 -0.3147790
0.1140000 -0.3212835
0.1150000 -1.0643909
0.1160000 -1.6068919
0.1170000 -1.3816577
0.1180000 -2.3649757
0.1190000 -1.3256978
0.1200000 -1.6024233
0.1210000 -1.5274711
0.1220000 -1.8791064
0.1230000 -1.1288155
0.1240000 -0.5191771
0.1250000 0.1871882
0.1260000 0.1472667
0.1270000 0.3059860
0.1280000 0.8353477
0.1290000 0.8377564
0.1300000 1.9572185
0.1310000 2.6233077
0.1320000 2.1963303
0.1330000 1.7584255
0.1340000 1.6864398
0.1350000 0.5937926
0.1360000 0.7142600
0.1370000 0.6794273
0.1380000 0.0836897
0.1390000 -1.6372252
0.1400000 -1.5946440
0.1410000 -1.0885900
0.1420000 -2.6201856
0.1430000 -1.4208020
0.1440000 -2.5360429
0.1450000 -2.2184720
0.1460000 -1.8613219
0.1470000 -1.3780282
0.1480000 -1.3406655
0.1490000 -0.8417474
0.1500000 1.1337687
0.1510000 -0.7107391
0.1520000 1.4131273
0.1530000 1.4418199
0.1540000 0.5393183
0.1550000 2.2002990
0.1560000 1.9301289
0.1570000 2.2437346
0.1580000 2.1701894
0.1590000 1.3763632
0.1600000 0.6932258
0.1610000 1.1790067
0.1620000 -0.5363835
0.1630000 -0.3575737
0.1640000 -1.1251454
0.1650000 -1.1401772
0.1660000 -2.1416585
0.1670000 -1.7264707
0.1680000 -1.7149749
0.1690000 -1.8012145
0.1700000 -2.4016936
0.1710000 -1.4330821
0.1720000 -0.9740632
0.1730000 -0.6027674
0.1740000 -0.3868666
0.1750000 1.2106701
0.1760000 0.7667212
0.1770000 1.4834962
0.1780000 0.5432608
0.1790000 2.0838094
0.1800000 1.8744136
0.1810000 2.3881357
0.1820000 2.2328520
0.1830000 1.5781924
0.1840000 1.3120651
0.1850000 0.8857449
0.1860000 0.7628890
0.1870000 0.5041557
0.1880000 -0.8623208
0.1890000 -0.8920244
0.1900000 -1.0010904
0.1910000 -2.0086250
0.1920000 -1.7874757
0.1930000 -2.0542901
0.1940000 -2.0564041
0.1950000 -2.2057273
0.1960000 -1.7062632
0.1970000 -1.5651412
0.1980000 -0.6895097
0.1990000 -0.8321594
0.2000000 -0.0471101
0.2010000 1.3251047
0.2020000 0.8407717
0.2030000 1.5665749
0.2040000 1.9319121
0.2050000 1.6273384
0.2060000 1.8278801
0.2070000 1.5747876
0.2080000 1.7468665
0.2090000 1.4997338
0.2100000 1.3582690
0.2110000 0.0663444
0.2120000 -0.6129414
0.2130000 -0.4860543
0.2140000 -0.4998934
0.2150000 -1.7404372
0.2160000 -1.9568686
0.2170000 -1.9157559
0.2180000 -1.6368648
0.2190000 -1.8936691
0.2200000 -2.3953087
0.2210000 -1.4803939
0.2220000 -1.6115903
0.2230000 -1.1190281
0.2240000 -0.7155161
0.2250000 -0.4716355
0.2260000 0.1322511
0.2270000 0.5425817
0.2280000 1.7673438
0.2290000 1.3159885
0.2300000 2.1050498
0.2310000 2.4136367
0.2320000 1.3403834
0.2330000 2.1838782
0.2340000 0.9323117
0.2350000 1.2801555
0.2360000 -0.0621584
0.2370000 0.0682451
0.2380000 -0.5133401
0.2390000 -1.5344869
0.2400000 -1.1649418
0.2410000 -2.0336723
0.2420000 -1.9146369
0.2430000 -1.9741575
0.2440000 -2.2165384
0.2450000 -1.9952302
0.2460000 -1.6436924
0.2470000 -1.5902654
0.2480000 -1.1781904
0.2490000 -0.8884823
0.2500000 -0.6795776
0.2510000 0.4064612
0.2520000 1.5712554
0.2530000 1.1903131
0.2540000 1.5391241
0.2550000 2.5443547
0.2560000 1.7118012
0.2570000 2.7833712
0.2580000 1.4428293
0.2590000 0.9181930
0.2600000 0.5729919
0.2610000 0.4937156
0.2620000 0.0869286
0.2630000 -0.0818736
0.2640000 -0.3548876
0.2650000 -1.0910033
0.2660000 -1.7331276
0.2670000 -2.0881429
0.2680000 -2.2228343
0.2690000 -1.1326782
0.2700000 -2.3352137
0.2710000 -1.4005543
0.2720000 -1.8951066
0.2730000 -0.5391570
0.2740000 -1.4744785
0.2750000 0.5515782
0.2760000 0.6127139
0.2770000 1.1825032
0.2780000 1.7773901
0.2790000 1.5468181
0.2800000 2.0151258
0.2810000 1.3507067
0.2820000 1.3960123
0.2830000 2.4911172
0.2840000 0.4826918
0.2850000 1.6475844
0.2860000 0.2135330
0.2870000 0.4406558
0.2880000 -0.2958632
0.2890000 -1.3291495
0.2900000 -1.2543521
0.2910000 -1.1542264
0.2920000 -0.9529499
0.2930000 -1.6958663
0.2940000 -1.9489609
0.2950000 -2.0006292
0.2960000 -1.6085143
0.2970000 -1.1926264
0.2980000 -0.3616716
0.2990000 -0.1782653
0.3000000 -0.3353231
0.3010000 0.2897469
0.3020000 1.1805090
0.3030000 0.8184765
0.3040000 1.3956659
0.3050000 2.4135985
0.3060000 1.6119235
0.3070000 1.8619001
0.3080000 0.9570799
0.3090000 1.1600511
0.3100000 0.6500179
0.3110000 1.0945284
0.3120000 0.8460349
0.3130000 -0.3883847
0.3140000 -0.4710992
0.3150000 -1.9035151
0.3160000 -1.6304617
0.3170000 -2.4866402
0.3180000 -2.4708545
0.3190000 -2.0082657
0.3200000 -1.7733152
0.3210000 -2.0297654
0.3220000 -1.2307276
0.3230000 -1.9471837
0.3240000 -0.2261613
0.3250000 -0.2730406
0.3260000 0.7092615
0.3270000 1.1353880
0.3280000 0.9690959
0.3290000 2.3154743
0.3300000 2.3835039
0.3310000 2.0125318
0.3320000 2.2789378
0.3330000 1.7380861
0.3340000 2.8081963
0.3350000 0.9770225
0.3360000 0.5191266
0.3370000 -1.0321617
0.3380000 -0.4279616
0.3390000 -1.0107256
0.3400000 -1.2001489
0.3410000 -2.0547819
0.3420000 -2.0353422
0.3430000 -1.1215107
0.3440000 -2.0093505
0.3450000 -2.2655587
0.3460000 -1.1249725
0.3470000 -0.8936620
0.3480000 -0.4853062
0.3490000 0.1622060
0.3500000 -0.0669406
0.3510000 0.2415791
0.3520000 1.4416065
0.3530000 0.9459903
0.3540000 1.5904394
0.3550000 2.8424156
0.3560000 2.4243691
0.3570000 1.1787901
0.3580000 2.9234447
0.3590000 1.5277563
0.3600000 1.1158761
0.3610000 1.4310608
0.3620000 0.5932601
0.3630000 -0.2065199
0.3640000 -1.6054457
0.3650000 -1.3365285
0.3660000 -1.9123374
0.3670000 -1.3533893
0.3680000 -2.6621559
0.3690000 -2.0032690
0.3700000 -1.9204427
0.3710000 -1.2631336
0.3720000 -1.0021881
0.3730000 -0.8865235
0.3740000 -0.4755619
0.3750000 -0.2542851
0.3760000 1.0445517
0.3770000 0.7668878
0.3780000 1.2705448
0.3790000 2.0710325
0.3800000 0.4270644
0.3810000 1.5542288
0.3820000 1.8989846
0.3830000 1.9183255
0.3840000 2.2212110
0.3850000 0.9527404
0.3860000 0.2905903
0.3870000 0.3084697
0.3880000 -0.1460121
0.3890000 -0.4865590
0.3900000 -0.5424357
0.3910000 -0.6044605
0.3920000 -1.7906849
0.3930000 -1.7394178
0.3940000 -2.4825435
0.3950000 -1.0438696
0.3960000 -1.5657432
0.3970000 -1.8540725
0.3980000 -0.3776699
0.3990000 -1.9123261
0.4000000 -0.1624474
0.4010000 0.5134181
0.4020000 0.6336741
0.4030000 1.7843852
0.4040000 2.0442846
0.4050000 2.0947859
0.4060000 2.6756701
0.4070000 1.1167649
0.4080000 1.7974391
0.4090000 1.2484319
0.4100000 1.6925610
0.4110000 -0.0037385
0.4120000 0.2840780
0.4130000 -0.4968206
0.4140000 -0.7273715
0.4150000 -0.7276453
0.4160000 -1.8687595
0.4170000 -1.0888830
0.4180000 -1.7811450
0.4190000 -2.2100439
0.4200000 -1.7763330
0.4210000 -1.9054060
0.4220000 -1.3909689
0.4230000 -1.3255384
0.4240000 -0.1386244
0.4250000 -0.5145526
0.4260000 0.6241374
0.4270000 0.5698220
0.4280000 1.5593382
0.4290000 1.3621346
0.4300000 1.1679153
0.4310000 1.8981768
0.4320000 2.6243961
0.4330000 1.9608388
0.4340000 1.3955107
0.4350000 1.1465334
0.4360000 1.4037182
0.4370000 0.5574636
0.4380000 0.3492587
0.4390000 -1.2863450
0.4400000 -1.2545121
0.4410000 -0.8014697
0.4420000 -2.0599024
0.4430000 -2.1634762
0.4440000 -1.8072480
0.4450000 -2.6144919
0.4460000 -1.2453400
0.4470000 -2.0359271
0.4480000 -0.3121819
0.4490000 0.2791814
0.4500000 0.5461216
0.4510000 0.3078117
0.4520000 2.2372444
0.4530000 2.0400691
0.4540000 1.6984668
0.4550000 1.6181600
0.4560000 1.8323259
0.4570000 2.3403406
0.4580000 1.9077206
0.4590000 0.6274443
0.4600000 1.2522166
0.4610000 0.9518481
0.4620000 -0.1528148
0.4630000 -0.3167074
0.4640000 -1.3535534
0.4650000 -1.0861124
0.4660000 -1.9147685
0.4670000 -1.9747062
0.4680000 -1.0842729
0.4690000 -1.4218091
0.4700000 -3.3902369
0.4710000 -1.6658250
0.4720000 -1.5814147
0.4730000 -0.6954195
0.4740000 -0.6618276
0.4750000 0.4643276
0.4760000 0.2792184
0.4770000 1.4172931
0.4780000 1.0645163
0.4790000 1.7836301
0.4800000 2.3407912
0.4810000 2.7150378
0.4820000 3.1754885
0.4830000 0.3924178
0.4840000 1.1149868
0.4850000 1.2585883
0.4860000 1.0397803
0.4870000 0.3165989
0.4880000 0.6520273
0.4890000 -1.0242918
0.4900000 -1.1885409
0.4910000 -1.8771024
0.4920000 -1.6882579
0.4930000 -2.2020056
0.4940000 -1.2564505
0.4950000 -2.7946589
0.4960000 -1.8023852
0.4970000 -1.3832368
0.4980000 -0.9402646
0.4990000 0.3096788
0.5000000 0.2003128
0.5010000 0.7311531
0.5020000 1.3963584
0.5030000 1.7727978
0.5040000 1.9147792
0.5050000 2.6164830
0.5060000 2.0883882
0.5070000 1.8941038
0.5080000 1.9207618
0.5090000 1.9735525
0.5100000 1.7267407
0.5110000 1.1152358
0.5120000 0.1206435
0.5130000 -0.5446013
0.5140000 -0.1170326
0.5150000 -0.7902228
0.5160000 -1.5786922
0.5170000 -2.1247768
0.5180000 -2.1612153
0.5190000 -2.3186173
0.5200000 -1.7749190
0.5210000 -1.9464215
0.5220000 -0.9096817
0.5230000 -0.8999917
0.5240000 -0.5246721
0.5250000 -0.1830317
0.5260000 0.3329242
0.5270000 0.5761784
0.5280000 1.6406569
0.5290000 2.0779784
0.5300000 2.0661495
0.5310000 1.4415607
0.5320000 1.8018615
0.5330000 2.0275941
0.5340000 0.9958824
0.5350000 0.8190868
0.5360000 1.7907467
0.5370000 0.5118207
0.5380000 0.3595638
0.5390000 -1.0392481
0.5400000 -1.8739204
0.5410000 -1.6221799
0.5420000 -2.3356030
0.5430000 -2.2658482
0.5440000 -1.3329670
0.5450000 -1.8345323
0.5460000 -1.1621774
0.5470000 -0.7332485
0.5480000 -1.6525803
0.5490000 0.2999138
0.5500000 -0.7336076
0.5510000 0.0676835
0.5520000 1.8318071
0.5530000 1.6789708
0.5540000 0.6962297
0.5550000 1.8516901
0.5560000 1.6704009
0.5570000 2.4962668
0.5580000 1.6239485
0.5590000 2.2212949
0.5600000 1.1675233
0.5610000 0.2654568
0.5620000 -0.3949071
0.5630000 -0.1180235
0.5640000 -0.2973401
0.5650000 -1.3702815
0.5660000 -2.1590197
0.5670000 -2.7600265
0.5680000 -2.5447359
0.5690000 -2.6624730
0.5700000 -1.6867992
0.5710000 -1.0572798
0.5720000 -1.3830400
0.5730000 -0.2213898
0.5740000 0.5357282
0.5750000 -1.0080622
0.5760000 1.6493257
0.5770000 0.9620673
0.5780000 1.4042292
0.5790000 1.7704233
0.5800000 2.3816543
0.5810000 2.1449301
0.5820000 1.2432011
0.5830000 1.4593260
0.5840000 2.2193127
0.5850000 0.8157894
0.5860000 0.0526076
0.5870000 0.0915338
0.5880000 0.5127689
0.5890000 -0.3356363
0.5900000 -1.5969362
0.5910000 -0.8918614
0.5920000 -2.2895648
0.5930000 -2.2668972
0.5940000 -2.2455318
0.5950000 -2.2598424
0.5960000 -1.4967157
0.5970000 -1.1878921
0.5980000 -0.6047057
0.5990000 -0.5789731
0.6000000 -0.8396705
0.6010000 0.5652355
0.6020000 0.9093851
0.6030000 1.0377067
0.6040000 2.3432827
0.6050000 2.4720664
0.6060000 1.8329788
0.6070000 0.9429880
0.6080000 1.9127312
0.6090000 0.9698339
0.6100000 0.6643622
0.6110000 0.9992495
0.6120000 -0.0647472
0.6130000 0.1195973
0.6140000 -0.1039700
0.6150000 -0.9204952
0.6160000 -0.8764462
0.6170000 -1.2882962
0.6180000 -2.5482187
0.6190000 -1.7906337
0.6200000 -1.5928760
0.6210000 -2.5612597
0.6220000 -0.7354217
0.6230000 -1.7814194
0.6240000 -1.2523285
0.6250000 0.3147961
0.6260000 1.0337033
0.6270000 1.3601266
0.6280000 1.3576653
0.6290000 2.0652394
0.6300000 1.1838936
0.6310000 1.8991991
0.6320000 1.8726190
0.6330000 2.7423019
0.6340000 1.2328167
0.6350000 0.5757169
0.6360000 0.5736296
0.6370000 0.9002602
0.6380000 -1.0709847
0.6390000 -0.6033515
0.6400000 -1.5505409
0.6410000 -1.8126121
0.6420000 -2.3479378
0.6430000 -2.2068522
0.6440000 -2.3312488
0.6450000 -2.2341311
0.6460000 -1.8120540
0.6470000 -0.7620322
0.6480000 -0.0462736
0.6490000 -0.5025603
0.6500000 -0.4596778
0.6510000 0.5076731
0.6520000 0.4484053
0.6530000 1.3835683
0.6540000 1.2340376
0.6550000 1.9670184
0.6560000 1.5138676
0.6570000 1.9688313
0.6580000 1.7208374
0.6590000 2.3899064
0.6600000 1.6411577
0.6610000 0.9620396
0.6620000 0.2461410
0.6630000 -0.4466498
0.6640000 -0.6207146
0.6650000 -1.9589978
0.6660000 -1.7371379
0.6670000 -1.3835164
0.6680000 -1.9448546
0.6690000 -2.9633675
0.6700000 -2.5600319
0.6710000 -1.2754622
0.6720000 -0.6949664
0.6730000 -1.6643428
0.6740000 -0.9554572
0.6750000 -0.0535443
0.6760000 0.0751427
0.6770000 0.3806877
0.6780000 0.7365031
0.6790000 1.9510345
0.6800000 2.3410637
0.6810000 1.2631367
0.6820000 1.9705206
0.6830000 1.1244380
0.6840000 1.5232724
0.6850000 0.8122094
0.6860000 0.1424698
0.6870000 1.0445619
0.6880000 -0.1597451
0.6890000 -0.9029055
0.6900000 -0.9762573
0.6910000 -1.6504657
0.6920000 -2.0993176
0.6930000 -2.8285575
0.6940000 -1.9763427
0.6950000 -2.3073816
0.6960000 -1.7407678
0.6970000 -2.0580180
0.6980000 -1.1224439
0.6990000 -0.6501950
0.7000000 -0.6980671
0.7010000 0.7016373
0.7020000 1.8222851
0.7030000 1.5206587
0.7040000 0.9410229
0.7050000 1.5668442
0.7060000 2.5553126
0.7070000 2.1243243
0.7080000 1.9969995
0.7090000 1.6105852
0.7100000 1.7879220
0.7110000 0.4964561
0.7120000 1.0262396
0.7130000 -0.7672818
0.7140000 -0.2273139
0.7150000 -1.5270919
0.7160000 -1.4012785
0.7170000 -1.6675786
0.7180000 -1.4439416
0.7190000 -1.9361277
0.7200000 -2.3190250
0.7210000 -1.3922391
0.7220000 -1.6565664
0.7230000 -0.5883235
0.7240000 -1.4732145
0.7250000 0.6062075
0.7260000 0.9006061
0.7270000 1.0267110
0.7280000 1.5912623
0.7290000 2.1050327
0.7300000 2.5090690
0.7310000 2.4225726
0.7320000 1.6611745
0.7330000 1.3582323
0.7340000 2.3780069
0.7350000 0.9096951
0.7360000 0.8581095
0.7370000 0.0960480
0.7380000 -0.3145551
0.7390000 -0.6708472
0.7400000 0.0840335
0.7410000 -0.8424221
0.7420000 -1.6590304
0.7430000 -1.7236862
0.7440000 -2.1522031
0.7450000 -1.9928108
0.7460000 -0.8607613
0.7470000 -1.6463107
0.7480000 -1.0313605
0.7490000 -1.1295444
0.7500000 0.3817300
0.7510000 0.4118068
0.7520000 0.7927778
0.7530000 1.7733126
0.7540000 2.6654105
0.7550000 2.7865717
0.7560000 2.3049734
0.7570000 1.6195126
0.7580000 1.7719827
0.7590000 0.6167539
0.7600000 1.7637470
0.7610000 0.3521236
0.7620000 0.5389863
0.7630000 -0.0289501
0.7640000 -0.1202780
0.7650000 -1.8259858
0.7660000 -0.5481585
0.7670000 -1.4298210
0.7680000 -2.5658529
0.7690000 -1.6663049
0.7700000 -2.3042064
0.7710000 -1.2355022
0.7720000 -1.4696002
0.7730000 -1.1518015
0.7740000 0.4522532
0.7750000 0.1172395
0.7760000 0.4845924
0.7770000 0.8306960
0.7780000 0.8294129
0.7790000 1.3522453
0.7800000 1.7964050
0.7810000 1.5999259
0.7820000 1.2160993
0.7830000 2.2273898
0.7840000 2.3301179
0.7850000 0.9086578
0.7860000 0.8193163
0.7870000 0.6856992
0.7880000 -0.5286549
0.7890000 -0.5154437
0.7900000 -0.8890805
0.7910000 -1.2180719
0.7920000 -1.8810791
0.7930000 -2.3445868
0.7940000 -1.4130496
0.7950000 -1.8381397
0.7960000 -1.7225332
0.7970000 -2.1713378
0.7980000 -1.3053403
0.7990000 -0.7329972
0.8000000 0.3955025
0.8010000 1.3911463
0.8020000 1.6555313
0.8030000 2.3283710
0.8040000 1.9580489
0.8050000 1.2496582
0.8060000 1.7292879
0.8070000 1.3744048
0.8080000 1.7690431
0.8090000 2.0719926
0.8100000 0.8674991
0.8110000 1.3704759
0.8120000 0.7727154
0.8130000 -0.0700684
0.8140000 -0.2243502
0.8150000 -1.5183326
0.8160000 -1.7257283
0.8170000 -1.9077929
0.8180000 -2.1340022
0.8190000 -2.6298549
0.8200000 -1.5483137
0.8210000 -1.8852446
0.8220000 -0.9375316
0.8230000 -1.4026945
0.8240000 -0.4227349
0.8250000 0.8570907
0.8260000 -0.0233258
0.8270000 0.8287284
0.8280000 1.9130708
0.8290000 2.0225911
0.8300000 1.8767824
0.8310000 2.2923017
0.8320000 2.1672316
0.8330000 2.4751091
0.8340000 1.1032121
0.8350000 0.4582340
0.8360000 0.5676719
0.8370000 1.0889078
0.8380000 0.1584837
0.8390000 -0.8659660
0.8400000 -0.5455531
0.8410000 -2.1170092
0.8420000 -2.1631262
0.8430000 -1.7912241
0.8440000 -1.9601419
0.8450000 -1.6765652
0.8460000 -1.2280754
0.8470000 -1.6578635
0.8480000 -1.3732487
0.8490000 -0.2933635
0.8500000 -0.4577003
0.8510000 1.0027713
0.8520000 1.6921577
0.8530000 0.8963102
0.8540000 2.4191310
0.8550000 2.0904353
0.8560000 2.0744925
0.8570000 1.6688190
0.8580000 1.6979601
0.8590000 1.8516161
0.8600000 2.2968936
0.8610000 0.8995772
0.8620000 0.2023522
0.8630000 -1.2505921
0.8640000 -0.7019116
0.8650000 -0.6016248
0.8660000 -1.5413555
0.8670000 -1.9555449
0.8680000 -2.2003202
0.8690000 -1.2769423
0.8700000 -2.2287781
0.8710000 -1.1578159
0.8720000 -1.5400205
0.8730000 -0.7571123
0.8740000 -0.6499311
0.8750000 0.5679113
0.8760000 0.0646261
0.8770000 0.5092108
0.8780000 2.0538743
0.8790000 2.4751444
0.8800000 1.7732238
0.8810000 1.8432292
0.8820000 2.1684327
0.8830000 1.6482011
0.8840000 1.6322404
0.8850000 2.1063209
0.8860000 0.3001523
0.8870000 0.1025084
0.8880000 -0.8325770
0.8890000 -0.1843078
0.8900000 -0.9759042
0.8910000 -1.1734070
0.8920000 -3.7342556
0.8930000 -2.2720141
0.8940000 -1.4252981
0.8950000 -2.4118056
0.8960000 -2.0717981
0.8970000 -1.6832620
0.8980000 -0.8306578
0.8990000 -0.1221870
0.9000000 0.1164199
0.9010000 0.1536070
0.9020000 0.0548248
0.9030000 1.1685365
0.9040000 2.2262611
0.9050000 2.4248171
0.9060000 2.3762071
0.9070000 2.4896967
0.9080000 1.8478416
0.9090000 2.4185493
0.9100000 1.3892483
0.9110000 0.6719644
0.9120000 -0.3421189
0.9130000 0.0183664
0.9140000 -1.0710422
0.9150000 -1.0978541
0.9160000 -0.5390407
0.9170000 -2.4313445
0.9180000 -1.6536740
0.9190000 -2.5990238
0.9200000 -2.3061466
0.9210000 -2.0145493
0.9220000 -0.9541392
0.9230000 0.1080415
0.9240000 -0.3051987
0.9250000 0.6205778
0.9260000 0.7483600
0.9270000 2.3582270
0.9280000 1.4214076
0.9290000 1.5981801
0.9300000 1.8078973
0.9310000 2.0063534
0.9320000 1.5279328
0.9330000 2.6734817
0.9340000 1.5566636
0.9350000 1.5051754
0.9360000 1.1451169
0.9370000 0.4292478
0.9380000 0.3796505
0.9390000 -0.4969628
0.9400000 -1.0257382
0.9410000 -2.3037481
0.9420000 -1.9050037
0.9430000 -2.2450557
0.9440000 -2.3383188
0.9450000 -2.0881002
0.9460000 -1.5905114
0.9470000 -1.6132643
0.9480000 -1.2374915
0.9490000 -1.1095489
0.9500000 0.2728199
0.9510000 0.3010359
0.9520000 0.2673004
0.9530000 1.2318656
0.9540000 2.4951458
0.9550000 1.3057941
0.9560000 1.4243033
0.9570000 2.3170869
0.9580000 2.4361732
0.9590000 2.0815904
0.9600000 1.2371702
0.9610000 0.7836462
0.9620000 -0.0842957
0.9630000 -0.5291128
0.9640000 -0.7779635
0.9650000 -1.6125332
0.9660000 -2.3673143
0.9670000 -1.8045071
0.9680000 -3.0254581
0.9690000 -1.5143139
0.9700000 -2.1568108
0.9710000 -2.4387083
0.9720000 -1.6547731
0.9730000 -1.2264583
0.9740000 -0.4264751
0.9750000 -0.4870249
0.9760000 0.4303712
0.9770000 1.2263469
0.9780000 2.0743229
0.9790000 1.9396806
0.9800000 1.7395815
0.9810000 1.4648272
0.9820000 2.6333625
0.9830000 2.0246301
0.9840000 2.9470131
0.9850000 0.8664870
0.9860000 -0.2881112
0.9870000 0.6866373
0.9880000 -0.3662111
0.9890000 -0.5319665
0.9900000 -1.9735557
0.9910000 -1.3358729
0.9920000 -2.0566354
0.9930000 -1.1820759
0.9940000 -1.0816178
0.9950000 -1.2222486
0.9960000 -1.3909636
0.9970000 -1.9733298
0.9980000 -1.5629660
0.9990000 -0.6222680
